xof 0303txt 0032
template ColorRGBA {
 <35ff44e0-6c7c-11cf-8f52-0040333594a3>
 FLOAT red;
 FLOAT green;
 FLOAT blue;
 FLOAT alpha;
}

template ColorRGB {
 <d3e16e81-7835-11cf-8f52-0040333594a3>
 FLOAT red;
 FLOAT green;
 FLOAT blue;
}

template Material {
 <3d82ab4d-62da-11cf-ab39-0020af71e433>
 ColorRGBA faceColor;
 FLOAT power;
 ColorRGB specularColor;
 ColorRGB emissiveColor;
 [...]
}

template TextureFilename {
 <a42790e1-7810-11cf-8f52-0040333594a3>
 STRING filename;
}

template Frame {
 <3d82ab46-62da-11cf-ab39-0020af71e433>
 [...]
}

template Matrix4x4 {
 <f6f23f45-7686-11cf-8f52-0040333594a3>
 array FLOAT matrix[16];
}

template FrameTransformMatrix {
 <f6f23f41-7686-11cf-8f52-0040333594a3>
 Matrix4x4 frameMatrix;
}

template Vector {
 <3d82ab5e-62da-11cf-ab39-0020af71e433>
 FLOAT x;
 FLOAT y;
 FLOAT z;
}

template MeshFace {
 <3d82ab5f-62da-11cf-ab39-0020af71e433>
 DWORD nFaceVertexIndices;
 array DWORD faceVertexIndices[nFaceVertexIndices];
}

template Mesh {
 <3d82ab44-62da-11cf-ab39-0020af71e433>
 DWORD nVertices;
 array Vector vertices[nVertices];
 DWORD nFaces;
 array MeshFace faces[nFaces];
 [...]
}

template MeshMaterialList {
 <f6f23f42-7686-11cf-8f52-0040333594a3>
 DWORD nMaterials;
 DWORD nFaceIndexes;
 array DWORD faceIndexes[nFaceIndexes];
 [Material <3d82ab4d-62da-11cf-ab39-0020af71e433>]
}

template VertexElement {
 <f752461c-1e23-48f6-b9f8-8350850f336f>
 DWORD Type;
 DWORD Method;
 DWORD Usage;
 DWORD UsageIndex;
}

template DeclData {
 <bf22e553-292c-4781-9fea-62bd554bdd93>
 DWORD nElements;
 array VertexElement Elements[nElements];
 DWORD nDWords;
 array DWORD data[nDWords];
}

template XSkinMeshHeader {
 <3cf169ce-ff7c-44ab-93c0-f78f62d172e2>
 WORD nMaxSkinWeightsPerVertex;
 WORD nMaxSkinWeightsPerFace;
 WORD nBones;
}

template SkinWeights {
 <6f0d123b-bad2-4167-a0d0-80224f25fabb>
 STRING transformNodeName;
 DWORD nWeights;
 array DWORD vertexIndices[nWeights];
 array FLOAT weights[nWeights];
 Matrix4x4 matrixOffset;
}

template AnimTicksPerSecond {
 <9e415a43-7ba6-4a73-8743-b73d47e88476>
 DWORD AnimTicksPerSecond;
}

template Animation {
 <3d82ab4f-62da-11cf-ab39-0020af71e433>
 [...]
}

template AnimationSet {
 <3d82ab50-62da-11cf-ab39-0020af71e433>
 [Animation <3d82ab4f-62da-11cf-ab39-0020af71e433>]
}

template FloatKeys {
 <10dd46a9-775b-11cf-8f52-0040333594a3>
 DWORD nValues;
 array FLOAT values[nValues];
}

template TimedFloatKeys {
 <f406b180-7b3b-11cf-8f52-0040333594a3>
 DWORD time;
 FloatKeys tfkeys;
}

template AnimationKey {
 <10dd46a8-775b-11cf-8f52-0040333594a3>
 DWORD keyType;
 DWORD nKeys;
 array TimedFloatKeys keys[nKeys];
}


Material Material__38 {
 0.588000;0.588000;0.588000;1.000000;;
 10.000000;
 0.000000;0.000000;0.000000;;
 0.000000;0.000000;0.000000;;

 TextureFilename {
  "Avatar_Kiana_C2_Texture_Body_Color_RGB2048.png";
 }
}

Material Material__40 {
 0.588000;0.588000;0.588000;1.000000;;
 10.000000;
 0.000000;0.000000;0.000000;;
 0.000000;0.000000;0.000000;;

 TextureFilename {
  "Avatar_Kiana_C1_Texture_Face_Color.png";
 }
}

Material Material__42 {
 0.588000;0.588000;0.588000;1.000000;;
 10.000000;
 0.000000;0.000000;0.000000;;
 0.000000;0.000000;0.000000;;

 TextureFilename {
  "Avatar_Kiana_C2_Texture_Hair_Color_Common.png";
 }
}

Frame Avatar_Kiana_C2_PT {
 

 FrameTransformMatrix {
  1.000000,0.000000,0.000000,0.000000,0.000000,-0.000000,-1.000000,0.000000,0.000000,1.000000,-0.000000,0.000000,0.000000,0.000000,0.000000,1.000000;;
 }

 Frame Bip001 {
  

  FrameTransformMatrix {
   0.026963,0.999397,-0.021862,0.000000,0.145449,0.017715,0.989207,0.000000,0.988998,-0.029851,-0.144883,0.000000,-0.003678,0.040236,0.951154,1.000000;;
  }

  Frame Bip001_Pelvis {
   

   FrameTransformMatrix {
    -0.000000,0.998579,0.053291,0.000000,-0.000002,-0.053291,0.998579,0.000000,1.000000,-0.000000,0.000002,0.000000,0.000000,0.000000,0.000000,1.000000;;
   }

   Frame Bip001_Spine {
    

    FrameTransformMatrix {
     0.995929,-0.070561,0.056098,0.000000,0.071913,0.997159,-0.022446,0.000000,-0.054354,0.026388,0.998173,0.000000,0.095893,-0.005119,0.022887,1.000000;;
    }

    Frame Bip001_L_Thigh {
     

     FrameTransformMatrix {
      -0.894519,0.391907,0.215047,0.000000,-0.350651,-0.913516,0.206233,0.000000,0.277273,0.109073,0.954580,0.000000,-0.102833,0.079060,-0.015372,1.000000;;
     }

     Frame Bip001_L_Calf {
      

      FrameTransformMatrix {
       0.963616,0.000000,-0.267290,0.000000,-0.000000,1.000000,0.000000,0.000000,0.267290,0.000000,0.963616,0.000000,0.398689,0.000000,0.000000,1.000000;;
      }

      Frame Bip001_L_Foot {
       

       FrameTransformMatrix {
        0.965501,0.249681,0.073945,0.000000,-0.245888,0.967637,-0.056728,0.000000,-0.085716,0.036589,0.995647,0.000000,0.463038,0.000000,0.000000,1.000000;;
       }

       Frame Bip001_L_Toe0 {
        

        FrameTransformMatrix {
         -0.000870,0.000227,1.000000,0.000000,-0.000179,1.000000,-0.000227,0.000000,-1.000000,-0.000180,-0.000870,0.000000,0.094047,0.000000,0.093380,1.000000;;
        }

        Frame Bip001_L_Toe0Nub {
         

         FrameTransformMatrix {
          -1.000000,0.000000,-0.000000,0.000000,-0.000000,1.000000,-0.000000,0.000000,0.000000,-0.000000,-1.000000,0.000000,0.074549,-0.000000,-0.000000,1.000000;;
         }
        }
       }
      }
     }
    }

    Frame Bip001_R_Thigh {
     

     FrameTransformMatrix {
      -0.994403,0.049308,0.093437,0.000000,-0.060662,-0.990569,-0.122852,0.000000,0.086498,-0.127832,0.988017,0.000000,-0.091463,-0.081616,-0.019624,1.000000;;
     }

     Frame Bip001_R_Calf {
      

      FrameTransformMatrix {
       0.986792,-0.000000,-0.161992,0.000000,0.000000,1.000000,-0.000000,0.000000,0.161992,-0.000000,0.986792,0.000000,0.398689,-0.000000,-0.000000,1.000000;;
      }

      Frame Bip001_R_Foot {
       

       FrameTransformMatrix {
        0.988029,-0.071108,0.136907,0.000000,0.082414,0.993482,-0.078758,0.000000,-0.130414,0.089098,0.987448,0.000000,0.463038,0.000000,-0.000000,1.000000;;
       }

       Frame Bip001_R_Toe0 {
        

        FrameTransformMatrix {
         -0.000003,0.000016,1.000000,0.000000,0.000004,1.000000,-0.000016,0.000000,-1.000000,0.000004,-0.000003,0.000000,0.094047,0.000000,0.093380,1.000000;;
        }

        Frame Bip001_R_Toe0Nub {
         

         FrameTransformMatrix {
          1.000000,-0.000000,0.000000,0.000000,0.000000,1.000000,-0.000000,0.000000,-0.000000,0.000000,1.000000,0.000000,0.074549,0.000000,0.000000,1.000000;;
         }
        }
       }
      }
     }
    }

    Frame Bip001_Spine1 {
     

     FrameTransformMatrix {
      0.998103,-0.057036,-0.023193,0.000000,0.056921,0.998363,-0.005594,0.000000,0.023474,0.004263,0.999715,0.000000,0.063154,-0.000000,-0.000084,1.000000;;
     }

     Frame Bip001_Spine2 {
      

      FrameTransformMatrix {
       0.985330,-0.093225,-0.142949,0.000000,0.095817,0.995334,0.011342,0.000000,0.141225,-0.024873,0.989665,0.000000,0.105376,0.000003,-0.000114,1.000000;;
      }

      Frame Bip001_Neck {
       

       FrameTransformMatrix {
        0.970972,0.014525,0.238754,0.000000,-0.024307,0.998979,0.038078,0.000000,-0.237957,-0.042776,0.970333,0.000000,0.168517,0.000002,-0.049166,1.000000;;
       }

       Frame Bip001_Head {
        

        FrameTransformMatrix {
         0.999096,-0.024851,0.034502,0.000000,0.025199,0.999635,-0.009714,0.000000,-0.034248,0.010575,0.999358,0.000000,0.066457,-0.000000,0.000000,1.000000;;
        }

        Frame Bip001_HeadNub {
         

         FrameTransformMatrix {
          1.000000,-0.000000,-0.000000,0.000000,-0.000000,1.000000,0.000000,0.000000,0.000000,0.000000,1.000000,0.000000,0.211461,0.000000,-0.000000,1.000000;;
         }
        }

        Frame Bone001 {
         

         FrameTransformMatrix {
          -0.947096,-0.318812,-0.036996,0.000000,0.289094,-0.897470,0.333125,0.000000,-0.139407,0.304806,0.942157,0.000000,0.080957,-0.050955,-0.048000,1.000000;;
         }

         Frame Bone002 {
          

          FrameTransformMatrix {
           0.995716,-0.037060,-0.084707,0.000000,0.036434,0.999296,-0.008917,0.000000,0.084978,0.005793,0.996366,0.000000,0.118374,0.000000,0.000000,1.000000;;
          }

          Frame Bone003 {
           

           FrameTransformMatrix {
            0.995490,-0.093745,0.014553,0.000000,0.094053,0.995321,-0.022123,0.000000,-0.012411,0.023392,0.999649,0.000000,0.077666,0.000000,0.000000,1.000000;;
           }

           Frame Bone004 {
            

            FrameTransformMatrix {
             0.986406,0.017895,0.163347,0.000000,-0.018151,0.999835,0.000071,0.000000,-0.163319,-0.003035,0.986569,0.000000,0.070440,0.000000,-0.000000,1.000000;;
            }

            Frame Bone005 {
             

             FrameTransformMatrix {
              0.996738,0.040715,0.069685,0.000000,-0.041002,0.999155,0.002684,0.000000,-0.069517,-0.005533,0.997565,0.000000,0.073064,0.000000,-0.000000,1.000000;;
             }

             Frame Bone006 {
              

              FrameTransformMatrix {
               0.991775,0.072389,0.105557,0.000000,-0.070208,0.997238,-0.024237,0.000000,-0.107020,0.016627,0.994118,0.000000,0.061550,-0.000000,0.000000,1.000000;;
              }

              Frame Bone007 {
               

               FrameTransformMatrix {
                0.950338,0.305197,0.060935,0.000000,-0.306894,0.951522,0.020529,0.000000,-0.051716,-0.038210,0.997931,0.000000,0.060448,0.000000,0.000000,1.000000;;
               }

               Frame Bone008 {
                

                FrameTransformMatrix {
                 0.985814,0.121573,0.115722,0.000000,-0.120092,0.992567,-0.019713,0.000000,-0.117259,0.005536,0.993086,0.000000,0.068914,-0.000000,-0.000000,1.000000;;
                }
               }
              }
             }
            }
           }
          }
         }
        }

        Frame Bone001_mirrored_ {
         

         FrameTransformMatrix {
          -0.938761,0.308017,0.154449,0.000000,0.343125,0.876666,0.337228,0.000000,-0.031528,0.369572,-0.928667,0.000000,0.080958,0.050950,-0.048001,1.000000;;
         }

         Frame Bone002_mirrored_ {
          

          FrameTransformMatrix {
           0.993080,-0.039179,0.110708,0.000000,0.038373,0.999219,0.009405,0.000000,-0.110991,-0.005092,0.993809,0.000000,0.118374,0.000000,0.000000,1.000000;;
          }

          Frame Bone003_mirrored_ {
           

           FrameTransformMatrix {
            0.991724,-0.105274,0.073495,0.000000,0.103824,0.994323,0.023289,0.000000,-0.075529,-0.015466,0.997024,0.000000,0.077666,-0.000000,-0.000000,1.000000;;
           }

           Frame Bone004_mirrored_ {
            

            FrameTransformMatrix {
             0.997597,-0.005856,-0.069029,0.000000,0.005844,0.999983,-0.000373,0.000000,0.069030,-0.000031,0.997614,0.000000,0.070439,0.000000,0.000000,1.000000;;
            }

            Frame Bone005_mirrored_ {
             

             FrameTransformMatrix {
              0.999557,-0.008909,-0.028424,0.000000,0.008876,0.999960,-0.001289,0.000000,0.028435,0.001036,0.999595,0.000000,0.073064,0.000000,-0.000000,1.000000;;
             }

             Frame Bone006_mirrored_ {
              

              FrameTransformMatrix {
               0.998715,-0.001524,-0.050650,0.000000,0.001744,0.999989,0.004301,0.000000,0.050643,-0.004384,0.998708,0.000000,0.061550,-0.000000,-0.000000,1.000000;;
              }

              Frame Bone007_mirrored_ {
               

               FrameTransformMatrix {
                0.972688,0.218993,-0.076946,0.000000,-0.220915,0.975140,-0.017320,0.000000,0.071240,0.033845,0.996885,0.000000,0.060448,0.000000,-0.000000,1.000000;;
               }

               Frame Bone008_mirrored_ {
                

                FrameTransformMatrix {
                 0.993437,0.037737,-0.107976,0.000000,-0.036855,0.999269,0.010158,0.000000,0.108280,-0.006112,0.994102,0.000000,0.068914,-0.000000,0.000000,1.000000;;
                }
               }
              }
             }
            }
           }
          }
         }
        }
       }

       Frame Bip001_L_Clavicle {
        

        FrameTransformMatrix {
         -0.186229,0.982085,-0.028796,0.000000,0.952770,0.173359,-0.249354,0.000000,-0.239894,-0.073873,-0.967984,0.000000,-0.020856,0.029426,0.004730,1.000000;;
        }

        Frame Bip001_L_UpperArm {
         

         FrameTransformMatrix {
          0.208949,-0.933703,0.290757,0.000000,0.895560,0.302128,0.326635,0.000000,-0.392825,0.192140,0.899317,0.000000,0.091382,0.000000,0.000000,1.000000;;
         }

         Frame Bip001_L_Forearm {
          

          FrameTransformMatrix {
           0.894742,0.000000,-0.446584,0.000000,-0.000000,1.000000,0.000000,0.000000,0.446584,-0.000000,0.894742,0.000000,0.226918,0.000000,0.000000,1.000000;;
          }

          Frame Bip001_L_Hand {
           

           FrameTransformMatrix {
            0.991897,0.101167,0.076852,0.000000,-0.091351,0.147525,0.984831,0.000000,0.088295,-0.983871,0.155572,0.000000,0.226160,-0.000000,0.000000,1.000000;;
           }

           Frame Bip001_L_Finger0 {
            

            FrameTransformMatrix {
             0.896523,-0.346581,0.275913,0.000000,0.179573,-0.285048,-0.941542,0.000000,0.404969,0.893661,-0.193316,0.000000,0.028252,-0.027448,0.014645,1.000000;;
            }

            Frame Bip001_L_Finger01 {
             

             FrameTransformMatrix {
              0.976508,0.000000,0.215483,0.000000,-0.000000,1.000000,-0.000000,0.000000,-0.215483,0.000000,0.976508,0.000000,0.035439,0.000000,0.000000,1.000000;;
             }

             Frame Bip001_L_Finger02 {
              

              FrameTransformMatrix {
               0.963522,-0.000000,0.267629,0.000000,0.000000,1.000000,-0.000000,0.000000,-0.267629,0.000000,0.963522,0.000000,0.021302,-0.000000,0.000000,1.000000;;
              }
             }
            }
           }

           Frame Bip001_L_Finger1 {
            

            FrameTransformMatrix {
             0.998388,-0.001061,0.056746,0.000000,0.008452,0.991456,-0.130168,0.000000,-0.056123,0.130438,0.989867,0.000000,0.085401,-0.025777,0.003573,1.000000;;
            }

            Frame Bip001_L_Finger11 {
             

             FrameTransformMatrix {
              0.942225,0.000000,0.334981,0.000000,0.000000,1.000000,-0.000000,0.000000,-0.334981,0.000000,0.942225,0.000000,0.030594,0.000000,0.000000,1.000000;;
             }

             Frame Bip001_L_Finger12 {
              

              FrameTransformMatrix {
               0.948861,0.000000,0.315696,0.000000,0.000000,1.000000,0.000000,0.000000,-0.315696,-0.000000,0.948861,0.000000,0.022076,0.000000,-0.000000,1.000000;;
              }
             }
            }
           }

           Frame Bip001_L_Finger2 {
            

            FrameTransformMatrix {
             0.957843,0.012106,0.287038,0.000000,0.008330,0.997522,-0.069868,0.000000,-0.287172,0.069313,0.955368,0.000000,0.085131,-0.006742,-0.002658,1.000000;;
            }

            Frame Bip001_L_Finger21 {
             

             FrameTransformMatrix {
              0.974983,0.000000,0.222281,0.000000,0.000000,1.000000,0.000000,0.000000,-0.222281,-0.000000,0.974983,0.000000,0.036510,0.000000,0.000000,1.000000;;
             }

             Frame Bip001_L_Finger22 {
              

              FrameTransformMatrix {
               0.902385,0.000000,0.430931,0.000000,0.000000,1.000000,-0.000000,0.000000,-0.430931,0.000000,0.902385,0.000000,0.025161,0.000000,0.000000,1.000000;;
              }
             }
            }
           }

           Frame Bip001_L_Finger3 {
            

            FrameTransformMatrix {
             0.970664,-0.051428,0.234875,0.000000,0.043266,0.998272,0.039776,0.000000,-0.236515,-0.028447,0.971211,0.000000,0.083354,0.013486,0.003624,1.000000;;
            }

            Frame Bip001_L_Finger31 {
             

             FrameTransformMatrix {
              0.788261,0.000000,0.615341,0.000000,-0.000000,1.000000,-0.000000,0.000000,-0.615341,-0.000000,0.788261,0.000000,0.032739,0.000000,-0.000000,1.000000;;
             }

             Frame Bip001_L_Finger32 {
              

              FrameTransformMatrix {
               0.693509,-0.000000,0.720448,0.000000,0.000000,1.000000,-0.000000,0.000000,-0.720448,0.000000,0.693509,0.000000,0.027553,0.000000,0.000000,1.000000;;
              }
             }
            }
           }

           Frame Bip001_L_Finger4 {
            

            FrameTransformMatrix {
             0.997038,-0.009299,0.076347,0.000000,-0.020033,0.927000,0.374525,0.000000,-0.074257,-0.374945,0.924068,0.000000,0.072276,0.028917,0.009575,1.000000;;
            }

            Frame Bip001_L_Finger41 {
             

             FrameTransformMatrix {
              0.724856,0.000000,0.688901,0.000000,-0.000000,1.000000,-0.000000,0.000000,-0.688901,-0.000000,0.724856,0.000000,0.022063,0.000000,0.000000,1.000000;;
             }

             Frame Bip001_L_Finger42 {
              

              FrameTransformMatrix {
               0.685060,-0.000000,0.728487,0.000000,0.000000,1.000000,0.000000,0.000000,-0.728487,0.000000,0.685060,0.000000,0.018254,0.000000,0.000000,1.000000;;
              }
             }
            }
           }
          }
         }
        }
       }

       Frame Bip001_R_Clavicle {
        

        FrameTransformMatrix {
         -0.138671,-0.990295,-0.009252,0.000000,-0.961418,0.132374,0.241151,0.000000,-0.237586,0.042335,-0.970444,0.000000,-0.021696,-0.028301,0.007202,1.000000;;
        }

        Frame Bip001_R_UpperArm {
         

         FrameTransformMatrix {
          0.242505,0.892090,0.381271,0.000000,-0.919530,0.336646,-0.202816,0.000000,-0.309284,-0.301406,0.901942,0.000000,0.091382,0.000000,0.000000,1.000000;;
         }

         Frame Bip001_R_Forearm {
          

          FrameTransformMatrix {
           0.842230,0.000000,-0.539118,0.000000,0.000000,1.000000,0.000000,0.000000,0.539118,-0.000000,0.842230,0.000000,0.226918,0.000000,0.000000,1.000000;;
          }

          Frame Bip001_R_Hand {
           

           FrameTransformMatrix {
            0.995819,-0.016835,0.089783,0.000000,0.091287,0.147530,-0.984836,0.000000,0.003334,0.988914,0.148450,0.000000,0.226160,0.000000,0.000000,1.000000;;
           }

           Frame Bip001_R_Finger0 {
            

            FrameTransformMatrix {
             0.896523,0.346581,0.275913,0.000000,-0.179573,-0.285049,0.941542,0.000000,0.404969,-0.893660,-0.193316,0.000000,0.028252,0.027448,0.014645,1.000000;;
            }

            Frame Bip001_R_Finger01 {
             

             FrameTransformMatrix {
              0.976508,-0.000000,0.215483,0.000000,0.000000,1.000000,-0.000000,0.000000,-0.215483,0.000000,0.976508,0.000000,0.035439,-0.000000,-0.000000,1.000000;;
             }

             Frame Bip001_R_Finger02 {
              

              FrameTransformMatrix {
               0.963522,0.000000,0.267629,0.000000,-0.000000,1.000000,0.000000,0.000000,-0.267629,0.000000,0.963522,0.000000,0.021302,0.000000,0.000000,1.000000;;
              }
             }
            }
           }

           Frame Bip001_R_Finger1 {
            

            FrameTransformMatrix {
             0.985231,0.011067,0.170875,0.000000,-0.015817,0.999525,0.026463,0.000000,-0.170501,-0.028775,0.984937,0.000000,0.085401,0.025777,0.003573,1.000000;;
            }

            Frame Bip001_R_Finger11 {
             

             FrameTransformMatrix {
              0.942225,-0.000000,0.334981,0.000000,0.000000,1.000000,-0.000000,0.000000,-0.334981,0.000000,0.942225,0.000000,0.030594,0.000000,0.000000,1.000000;;
             }

             Frame Bip001_R_Finger12 {
              

              FrameTransformMatrix {
               0.984853,0.000000,0.173389,0.000000,-0.000000,1.000000,-0.000000,0.000000,-0.173389,0.000000,0.984853,0.000000,0.022076,0.000000,-0.000000,1.000000;;
              }
             }
            }
           }

           Frame Bip001_R_Finger2 {
            

            FrameTransformMatrix {
             0.952450,-0.013368,0.304401,0.000000,-0.008330,0.997521,0.069868,0.000000,-0.304581,-0.069081,0.949978,0.000000,0.085132,0.006742,-0.002657,1.000000;;
            }

            Frame Bip001_R_Finger21 {
             

             FrameTransformMatrix {
              0.896061,0.000000,0.443930,0.000000,0.000000,1.000000,-0.000000,0.000000,-0.443930,0.000000,0.896061,0.000000,0.036510,0.000000,-0.000000,1.000000;;
             }

             Frame Bip001_R_Finger22 {
              

              FrameTransformMatrix {
               0.916716,0.000000,0.399540,0.000000,0.000000,1.000000,0.000000,0.000000,-0.399540,0.000000,0.916716,0.000000,0.025161,0.000000,0.000000,1.000000;;
              }
             }
            }
           }

           Frame Bip001_R_Finger3 {
            

            FrameTransformMatrix {
             0.888230,-0.085314,0.451409,0.000000,0.093562,0.995605,0.004064,0.000000,-0.449772,0.038625,0.892308,0.000000,0.083354,-0.013486,0.003624,1.000000;;
            }

            Frame Bip001_R_Finger31 {
             

             FrameTransformMatrix {
              0.747329,0.000000,0.664454,0.000000,0.000000,1.000000,-0.000000,0.000000,-0.664454,0.000000,0.747330,0.000000,0.032739,-0.000000,-0.000000,1.000000;;
             }

             Frame Bip001_R_Finger32 {
              

              FrameTransformMatrix {
               0.611230,-0.000000,0.791453,0.000000,-0.000000,1.000000,0.000000,0.000000,-0.791453,-0.000000,0.611230,0.000000,0.027553,0.000000,0.000000,1.000000;;
              }
             }
            }
           }

           Frame Bip001_R_Finger4 {
            

            FrameTransformMatrix {
             0.986976,-0.104969,0.121904,0.000000,0.102694,0.994403,0.024818,0.000000,-0.123827,-0.011976,0.992232,0.000000,0.072276,-0.028917,0.009575,1.000000;;
            }

            Frame Bip001_R_Finger41 {
             

             FrameTransformMatrix {
              0.393355,-0.000000,0.919387,0.000000,0.000000,1.000000,-0.000000,0.000000,-0.919387,0.000000,0.393355,0.000000,0.022063,0.000000,-0.000000,1.000000;;
             }

             Frame Bip001_R_Finger42 {
              

              FrameTransformMatrix {
               0.197030,0.000000,0.980398,0.000000,0.000000,1.000000,-0.000000,0.000000,-0.980397,0.000000,0.197031,0.000000,0.018254,-0.000000,-0.000000,1.000000;;
              }
             }
            }
           }
          }
         }
        }
       }
      }

      Frame Bone021 {
       

       FrameTransformMatrix {
        -0.097027,-0.353825,0.930266,0.000000,-0.045389,0.935275,0.350996,0.000000,-0.994248,-0.008168,-0.106807,0.000000,0.049029,-0.040000,0.033507,1.000000;;
       }
      }

      Frame Bone023 {
       

       FrameTransformMatrix {
        -0.097074,0.329376,0.939196,0.000000,-0.042817,-0.944161,0.326692,0.000000,0.994356,-0.008501,0.105756,0.000000,0.049029,0.040000,0.033507,1.000000;;
       }
      }
     }
    }
   }
  }
 }

 Frame Body {
  

  FrameTransformMatrix {
   0.393701,0.000000,0.000000,0.000000,0.000000,0.393701,0.000000,0.000000,0.000000,0.000000,0.393701,0.000000,0.000000,0.000000,0.000000,1.000000;;
  }

  Mesh Body {
   5191;
   -0.000000;-0.008933;1.254556;,
   -0.023374;-0.026271;1.284474;,
   -0.021752;-0.011521;1.253925;,
   -0.000000;-0.022821;1.281773;,
   -0.020148;-0.000356;1.233593;,
   -0.000000;0.002826;1.233638;,
   -0.041558;0.003092;1.234613;,
   -0.043245;-0.007943;1.253981;,
   -0.064669;0.010889;1.235929;,
   -0.070345;-0.000051;1.254420;,
   -0.077363;0.023891;1.238058;,
   -0.080553;0.016821;1.249166;,
   -0.085669;0.041884;1.242107;,
   -0.086727;0.039643;1.246392;,
   -0.087920;0.055272;1.244563;,
   -0.044084;-0.015718;1.268801;,
   -0.062849;-0.006979;1.258525;,
   -0.029725;-0.025608;1.284862;,
   -0.045568;-0.016454;1.270695;,
   -0.023562;-0.027680;1.290371;,
   -0.012452;-0.027665;1.295287;,
   -0.015860;-0.028551;1.297254;,
   -0.000000;-0.025722;1.293091;,
   -0.000000;0.009512;1.221744;,
   -0.017872;0.022661;1.192644;,
   -0.000000;0.026827;1.192167;,
   -0.019210;0.006179;1.221692;,
   -0.017463;0.035215;1.166981;,
   -0.000000;0.036657;1.165823;,
   -0.000000;0.043621;1.142910;,
   -0.021363;0.042887;1.143737;,
   -0.024851;0.044006;1.123441;,
   -0.000000;0.043073;1.123380;,
   -0.000000;0.034531;1.104230;,
   -0.027327;0.035325;1.103645;,
   -0.051946;0.041666;1.104014;,
   -0.052856;0.040088;1.101292;,
   -0.029242;0.028376;1.092722;,
   -0.046224;0.047948;1.122703;,
   -0.041089;0.046939;1.145435;,
   -0.053234;0.057460;1.146481;,
   -0.061083;0.058064;1.120917;,
   -0.062621;0.071812;1.147517;,
   -0.073764;0.074001;1.119661;,
   -0.076899;0.090718;1.127687;,
   -0.068961;0.086885;1.147541;,
   -0.058091;0.044971;1.103819;,
   -0.065714;0.055782;1.110252;,
   -0.070498;0.103011;1.146998;,
   -0.074788;0.104033;1.134511;,
   -0.070167;0.080820;1.168499;,
   -0.063949;0.063189;1.168723;,
   -0.054158;0.048080;1.168191;,
   -0.037961;0.039314;1.167943;,
   -0.071989;0.095758;1.168512;,
   -0.074829;0.069361;1.197223;,
   -0.075533;0.087628;1.196759;,
   -0.081480;0.080909;1.217353;,
   -0.075878;0.107312;1.216085;,
   -0.070766;0.109680;1.195775;,
   -0.078354;0.071442;1.210255;,
   -0.067289;0.113635;1.168729;,
   -0.057150;0.133386;1.194698;,
   -0.055125;0.132694;1.168733;,
   -0.070256;0.118069;1.216874;,
   -0.078524;0.105778;1.225240;,
   -0.067019;0.122309;1.213808;,
   -0.059785;0.131783;1.206958;,
   -0.039228;0.145868;1.194772;,
   -0.062110;0.130368;1.217776;,
   -0.057150;0.133386;1.194698;,
   -0.084924;0.078248;1.236854;,
   -0.080582;0.052650;1.221513;,
   -0.087920;0.055272;1.244563;,
   -0.085669;0.041884;1.242107;,
   -0.038292;0.145577;1.168449;,
   -0.018483;0.148931;1.167532;,
   -0.018835;0.148829;1.194242;,
   -0.020779;0.147014;1.221731;,
   -0.003555;0.146763;1.221663;,
   -0.003555;0.150590;1.193124;,
   -0.003555;0.151618;1.167125;,
   -0.037991;0.144477;1.143162;,
   -0.018204;0.148803;1.141841;,
   -0.041991;0.147169;1.113804;,
   -0.061131;0.137639;1.115415;,
   -0.045192;0.143647;1.087992;,
   -0.065856;0.140426;1.089936;,
   -0.080787;0.126365;1.093206;,
   -0.086587;0.125965;1.063255;,
   -0.097020;0.110481;1.070738;,
   -0.087887;0.109091;1.097093;,
   -0.101692;0.088631;1.076358;,
   -0.089524;0.092240;1.099658;,
   -0.080771;0.072726;1.101682;,
   -0.093603;0.066631;1.079157;,
   -0.074188;0.062261;1.102153;,
   -0.072755;0.122880;1.117600;,
   -0.079922;0.106482;1.119625;,
   -0.079867;0.101518;1.119936;,
   -0.071485;0.139299;1.058794;,
   -0.048304;0.142291;1.054642;,
   -0.025743;0.150852;1.086793;,
   -0.026626;0.151766;1.052962;,
   -0.000000;0.156486;1.052177;,
   -0.008850;0.153430;1.085908;,
   -0.000000;0.153361;1.111972;,
   -0.020437;0.150519;1.111492;,
   -0.000000;0.152180;1.141661;,
   -0.025059;0.150730;1.013455;,
   -0.000000;0.154386;1.013124;,
   -0.052823;0.143565;1.015375;,
   -0.054272;0.143659;0.992844;,
   -0.075911;0.138526;1.020588;,
   -0.078288;0.139606;0.998441;,
   -0.078870;0.139841;0.987727;,
   -0.068955;0.140784;0.974040;,
   -0.023446;0.147024;0.990480;,
   -0.000000;0.149309;0.990178;,
   -0.000000;0.144231;0.971024;,
   -0.021405;0.142145;0.970995;,
   -0.094681;0.132063;1.029870;,
   -0.102760;0.130759;1.007366;,
   -0.107915;0.107804;1.040977;,
   -0.117974;0.105100;1.012544;,
   -0.109445;0.128894;0.980049;,
   -0.130152;0.105119;0.982119;,
   -0.088239;0.136421;0.998598;,
   -0.127605;0.071228;1.016056;,
   -0.132917;0.095686;0.981956;,
   -0.110275;0.088171;1.052588;,
   -0.109854;0.084332;1.057303;,
   -0.108128;0.079160;1.059852;,
   -0.106146;0.073279;1.060234;,
   -0.111545;0.090213;1.047077;,
   -0.113444;0.090213;1.041414;,
   -0.115743;0.088171;1.036279;,
   -0.105190;0.067398;1.058783;,
   -0.133861;0.041495;0.982572;,
   -0.124733;0.037995;1.008535;,
   -0.112351;0.046505;1.032635;,
   -0.101616;0.021294;1.036037;,
   -0.109077;0.010369;1.005763;,
   -0.091000;0.032544;1.058970;,
   -0.082218;0.026196;1.061071;,
   -0.102732;0.055141;1.057215;,
   -0.078795;0.044932;1.081584;,
   -0.119539;0.014313;0.986439;,
   -0.098645;0.005217;1.021570;,
   -0.070110;0.037330;1.082120;,
   -0.069072;0.054128;1.102519;,
   -0.066733;0.015005;1.064775;,
   -0.085413;0.004202;1.039999;,
   -0.068959;-0.006085;1.041750;,
   -0.039429;-0.013330;1.039895;,
   -0.070720;-0.017302;1.023121;,
   -0.094444;-0.005489;1.013050;,
   -0.041014;-0.025418;1.022120;,
   -0.035648;0.007413;1.066408;,
   -0.011208;-0.018026;1.018334;,
   -0.012006;-0.009339;1.037779;,
   -0.000000;-0.003222;1.035101;,
   -0.000000;-0.008663;1.016749;,
   -0.034510;0.011013;1.070518;,
   -0.060522;0.026530;1.079205;,
   -0.072485;-0.026073;0.995562;,
   -0.042114;-0.030852;0.996415;,
   -0.011610;-0.023546;0.994454;,
   -0.080976;-0.020675;0.994197;,
   -0.000000;0.007276;1.052868;,
   -0.030765;0.022849;1.084033;,
   -0.000000;0.023014;1.083568;,
   -0.058314;0.030628;1.083511;,
   -0.062938;-0.028109;0.971467;,
   -0.037753;-0.029653;0.969491;,
   -0.011037;-0.023769;0.968459;,
   -0.012421;-0.009624;0.943250;,
   -0.031063;-0.013950;0.940413;,
   -0.014519;0.009213;0.927638;,
   -0.017315;0.008065;0.927033;,
   -0.050503;-0.024894;0.957969;,
   -0.004754;-0.004138;0.945159;,
   -0.000000;-0.013047;0.969436;,
   -0.000000;-0.012685;0.993837;,
   -0.006342;0.016807;0.930431;,
   -0.006786;0.040181;0.926700;,
   -0.014377;0.039457;0.923497;,
   -0.011951;0.076033;0.925287;,
   -0.006191;0.078730;0.924499;,
   -0.000000;0.041323;0.929871;,
   -0.000000;0.078138;0.924405;,
   -0.000000;-0.000036;0.948154;,
   0.000000;0.022791;0.936015;,
   -0.084488;0.012264;1.252922;,
   -0.096566;0.023037;1.271508;,
   -0.091802;0.035043;1.253922;,
   -0.089670;0.001869;1.272053;,
   -0.096466;0.046482;1.273900;,
   -0.092679;0.051570;1.255586;,
   -0.089927;0.039143;1.246357;,
   -0.083540;0.015628;1.248607;,
   -0.072584;-0.003054;1.253678;,
   -0.091133;0.055360;1.245048;,
   -0.076500;-0.017353;1.276676;,
   -0.096006;0.065476;1.273994;,
   -0.096836;0.061726;1.285625;,
   -0.097636;0.070824;1.294124;,
   -0.094584;0.077760;1.277180;,
   -0.089630;0.086910;1.262448;,
   -0.092581;0.071031;1.257841;,
   -0.088066;0.079018;1.237447;,
   -0.087448;0.101138;1.252099;,
   -0.081338;0.107400;1.225680;,
   -0.080924;0.114803;1.244528;,
   -0.072642;0.120267;1.217400;,
   -0.068339;0.129869;1.240899;,
   -0.064753;0.132195;1.218499;,
   -0.050643;0.140949;1.241560;,
   -0.048965;0.142450;1.231111;,
   -0.069631;0.124149;1.214591;,
   -0.039217;0.143975;1.239484;,
   -0.039217;0.143365;1.245354;,
   -0.032519;0.143844;1.248829;,
   -0.030778;0.144402;1.246754;,
   -0.064394;-0.010160;1.257990;,
   -0.046088;-0.018217;1.267628;,
   -0.059890;-0.024590;1.284756;,
   -0.041558;0.003092;1.234613;,
   -0.020148;-0.000356;1.233593;,
   -0.039692;0.010182;1.222168;,
   -0.000000;0.002826;1.233638;,
   -0.064669;0.010889;1.235929;,
   -0.058787;0.021670;1.219088;,
   -0.049434;0.020313;1.214300;,
   -0.041651;0.021155;1.207467;,
   -0.036381;0.024093;1.199411;,
   -0.034734;0.028382;1.190885;,
   -0.026846;0.029148;1.184478;,
   -0.066446;0.026816;1.222240;,
   -0.077363;0.023891;1.238058;,
   -0.073013;0.033879;1.222674;,
   -0.076190;0.043242;1.221030;,
   -0.077513;0.052242;1.216579;,
   -0.077162;0.059395;1.209821;,
   -0.037537;0.032989;1.182625;,
   -0.042992;0.038556;1.176304;,
   -0.050606;0.044278;1.172607;,
   -0.057454;0.051110;1.172910;,
   -0.063134;0.057880;1.176979;,
   -0.067929;0.062978;1.183876;,
   -0.071596;0.065513;1.192614;,
   -0.074824;0.064251;1.201614;,
   -0.024291;0.140253;1.254646;,
   -0.014446;0.140921;1.266004;,
   -0.003555;0.141632;1.246056;,
   -0.029128;0.141514;1.246062;,
   -0.038074;0.141224;1.238153;,
   -0.047054;0.139939;1.230154;,
   -0.044842;0.141630;1.219477;,
   -0.000000;0.142846;1.249303;,
   -0.000000;0.148295;1.221648;,
   -0.000000;0.152248;1.192854;,
   -0.000000;0.153525;1.167023;,
   -0.003664;0.151696;1.153711;,
   -0.000000;0.152597;1.151600;,
   0.003555;0.146763;1.221663;,
   0.003555;0.141632;1.246056;,
   0.003555;0.150590;1.193124;,
   0.018835;0.148829;1.194242;,
   0.020779;0.147014;1.221731;,
   0.039228;0.145868;1.194772;,
   0.018483;0.148931;1.167532;,
   0.038292;0.145577;1.168449;,
   0.003555;0.151618;1.167125;,
   0.037991;0.144477;1.143162;,
   0.018204;0.148803;1.141841;,
   0.041991;0.147169;1.113804;,
   0.061131;0.137639;1.115415;,
   0.045192;0.143647;1.087992;,
   0.065856;0.140426;1.089936;,
   0.080787;0.126365;1.093206;,
   0.086587;0.125965;1.063255;,
   0.097020;0.110481;1.070738;,
   0.087887;0.109091;1.097093;,
   0.101691;0.088631;1.076358;,
   0.089524;0.092240;1.099658;,
   0.080771;0.072726;1.101682;,
   0.093603;0.066631;1.079157;,
   0.074188;0.062261;1.102153;,
   0.072755;0.122880;1.117600;,
   0.079922;0.106482;1.119625;,
   0.079867;0.101518;1.119936;,
   0.071485;0.139299;1.058794;,
   0.048304;0.142291;1.054642;,
   0.025743;0.150852;1.086793;,
   0.026626;0.151766;1.052962;,
   0.008850;0.153430;1.085908;,
   0.020437;0.150519;1.111492;,
   0.025059;0.150730;1.013455;,
   0.052823;0.143565;1.015375;,
   0.054272;0.143659;0.992844;,
   0.075911;0.138526;1.020588;,
   0.078288;0.139606;0.998441;,
   0.078870;0.139841;0.987727;,
   0.068955;0.140784;0.974040;,
   0.023446;0.147024;0.990480;,
   0.021405;0.142145;0.970995;,
   0.094681;0.132063;1.029870;,
   0.102760;0.130759;1.007366;,
   0.107914;0.107804;1.040977;,
   0.117974;0.105100;1.012544;,
   0.109445;0.128894;0.980049;,
   0.130152;0.105119;0.982119;,
   0.088238;0.136421;0.998598;,
   0.127605;0.071228;1.016056;,
   0.132917;0.095686;0.981956;,
   0.110275;0.088171;1.052588;,
   0.109854;0.084332;1.057303;,
   0.108128;0.079160;1.059852;,
   0.106146;0.073279;1.060234;,
   0.111545;0.090213;1.047077;,
   0.113444;0.090213;1.041414;,
   0.115743;0.088171;1.036279;,
   0.105190;0.067398;1.058783;,
   0.124733;0.037995;1.008535;,
   0.133861;0.041495;0.982572;,
   0.112351;0.046505;1.032635;,
   0.101616;0.021294;1.036037;,
   0.109077;0.010369;1.005763;,
   0.091000;0.032544;1.058970;,
   0.082218;0.026196;1.061071;,
   0.102732;0.055141;1.057215;,
   0.078795;0.044932;1.081584;,
   0.119539;0.014313;0.986439;,
   0.098645;0.005217;1.021570;,
   0.070110;0.037330;1.082120;,
   0.058091;0.044971;1.103819;,
   0.069071;0.054128;1.102519;,
   0.066733;0.015005;1.064775;,
   0.085413;0.004202;1.039999;,
   0.068959;-0.006085;1.041750;,
   0.039429;-0.013330;1.039895;,
   0.070720;-0.017302;1.023121;,
   0.094444;-0.005489;1.013050;,
   0.041014;-0.025418;1.022120;,
   0.035648;0.007413;1.066408;,
   0.011208;-0.018026;1.018334;,
   0.012006;-0.009339;1.037779;,
   -0.000000;-0.003222;1.035101;,
   -0.000000;-0.008663;1.016749;,
   0.034509;0.011013;1.070518;,
   0.060522;0.026530;1.079205;,
   0.072485;-0.026073;0.995562;,
   0.042114;-0.030852;0.996415;,
   0.011610;-0.023546;0.994454;,
   -0.000000;-0.012685;0.993837;,
   0.080976;-0.020675;0.994197;,
   -0.000000;0.007276;1.052868;,
   0.030765;0.022849;1.084033;,
   -0.000000;0.023014;1.083568;,
   0.029242;0.028376;1.092722;,
   0.027327;0.035325;1.103645;,
   0.052856;0.040088;1.101292;,
   0.051946;0.041666;1.104014;,
   0.024851;0.044006;1.123441;,
   -0.000000;0.034531;1.104230;,
   -0.000000;0.043073;1.123380;,
   -0.000000;0.043621;1.142910;,
   0.021363;0.042887;1.143737;,
   0.046224;0.047948;1.122703;,
   0.041089;0.046939;1.145435;,
   0.053234;0.057460;1.146481;,
   0.061083;0.058064;1.120917;,
   0.062621;0.071812;1.147517;,
   0.073764;0.074001;1.119661;,
   0.076899;0.090718;1.127687;,
   0.068961;0.086885;1.147541;,
   0.065714;0.055782;1.110252;,
   0.070498;0.103011;1.146998;,
   0.074788;0.104033;1.134511;,
   0.017463;0.035215;1.166981;,
   -0.000000;0.036657;1.165823;,
   -0.000000;0.026827;1.192167;,
   0.017872;0.022661;1.192644;,
   -0.000000;0.009512;1.221744;,
   0.019209;0.006179;1.221692;,
   0.070167;0.080820;1.168499;,
   0.063949;0.063189;1.168723;,
   0.054158;0.048080;1.168191;,
   0.037961;0.039314;1.167943;,
   -0.000000;0.002826;1.233638;,
   0.020148;-0.000356;1.233593;,
   0.041558;0.003092;1.234613;,
   0.039692;0.010182;1.222168;,
   0.050606;0.044278;1.172607;,
   0.042992;0.038556;1.176304;,
   0.037537;0.032989;1.182625;,
   0.057454;0.051110;1.172910;,
   0.063134;0.057880;1.176979;,
   0.064669;0.010889;1.235929;,
   0.058787;0.021670;1.219088;,
   0.049434;0.020313;1.214300;,
   0.041651;0.021155;1.207467;,
   0.036381;0.024093;1.199411;,
   0.066446;0.026816;1.222240;,
   0.077363;0.023891;1.238058;,
   0.073013;0.033879;1.222674;,
   0.076190;0.043242;1.221030;,
   0.034734;0.028382;1.190885;,
   0.026846;0.029148;1.184478;,
   0.080582;0.052650;1.221513;,
   0.077513;0.052242;1.216579;,
   0.077162;0.059395;1.209821;,
   0.085669;0.041884;1.242107;,
   0.087920;0.055272;1.244563;,
   0.084924;0.078248;1.236854;,
   0.081480;0.080909;1.217353;,
   0.078524;0.105778;1.225240;,
   0.075878;0.107312;1.216085;,
   0.075533;0.087628;1.196759;,
   0.070766;0.109680;1.195775;,
   0.074829;0.069361;1.197223;,
   0.078354;0.071442;1.210255;,
   0.067289;0.113635;1.168729;,
   0.057150;0.133386;1.194698;,
   0.055125;0.132694;1.168733;,
   0.071989;0.095758;1.168512;,
   0.065798;0.119576;1.144864;,
   0.070256;0.118069;1.216874;,
   0.067019;0.122309;1.213808;,
   0.059785;0.131783;1.206958;,
   0.062110;0.130368;1.217776;,
   0.057150;0.133386;1.194698;,
   0.061314;0.125614;1.148158;,
   0.054543;0.134733;1.153710;,
   0.054235;0.135813;1.143565;,
   0.061314;0.125614;1.148158;,
   0.044842;0.141630;1.219477;,
   0.047054;0.139939;1.230154;,
   0.038073;0.141224;1.238153;,
   0.029128;0.141514;1.246062;,
   0.024291;0.140253;1.254646;,
   0.014446;0.140921;1.266004;,
   0.014446;0.140921;1.266004;,
   0.009820;0.142216;1.266004;,
   -0.014446;0.140921;1.266004;,
   -0.009820;0.142216;1.266004;,
   0.024291;0.140253;1.254646;,
   0.032047;0.140577;1.249541;,
   -0.054235;0.135813;1.143565;,
   -0.054544;0.134733;1.153710;,
   -0.061314;0.125614;1.148158;,
   -0.065798;0.119576;1.144864;,
   -0.061314;0.125614;1.148158;,
   -0.079763;0.092101;1.120526;,
   -0.070322;0.066212;1.115638;,
   -0.105190;0.067398;1.058783;,
   -0.105376;0.062226;1.055673;,
   -0.106556;0.058387;1.051234;,
   -0.108598;0.056345;1.046005;,
   -0.111353;0.056345;1.040652;,
   -0.114411;0.058387;1.035794;,
   -0.117358;0.062226;1.031998;,
   -0.119962;0.067398;1.029768;,
   -0.121909;0.073279;1.029373;,
   -0.120635;0.079160;1.030013;,
   -0.116991;0.091409;1.029991;,
   -0.118241;0.084332;1.032319;,
   -0.002748;0.153151;1.085397;,
   -0.000000;0.154956;1.090325;,
   -0.000000;0.151591;1.084744;,
   -0.000000;0.155080;1.080066;,
   0.002748;0.153151;1.085397;,
   -0.033922;0.140926;0.971045;,
   -0.054895;0.139890;0.972297;,
   -0.021420;0.131878;0.948025;,
   -0.012899;0.132268;0.947336;,
   -0.007365;0.107855;0.928330;,
   -0.000000;0.133323;0.946968;,
   -0.000000;0.108976;0.927861;,
   -0.000000;0.078138;0.924405;,
   -0.006191;0.078730;0.924499;,
   -0.013392;0.107322;0.928874;,
   -0.011951;0.076033;0.925287;,
   -0.006191;0.078730;0.924499;,
   -0.000000;0.133323;0.946968;,
   0.012899;0.132268;0.947336;,
   0.007365;0.107855;0.928330;,
   -0.000000;0.108976;0.927861;,
   -0.000000;0.078138;0.924405;,
   0.006191;0.078730;0.924499;,
   0.021420;0.131878;0.948025;,
   0.033922;0.140926;0.971045;,
   0.013392;0.107322;0.928874;,
   0.033922;0.140926;0.971045;,
   0.054895;0.139890;0.972297;,
   -0.000000;0.142846;1.249303;,
   -0.009820;0.142216;1.266004;,
   -0.000000;0.148455;1.266004;,
   0.009820;0.142216;1.266004;,
   -0.078870;0.139841;0.987727;,
   -0.093208;0.012424;1.038093;,
   -0.080976;-0.020675;0.994197;,
   -0.094444;-0.005489;1.013050;,
   -0.101595;-0.007802;0.991395;,
   -0.109077;0.010369;1.005763;,
