xof 0303txt 0032
template ColorRGBA {
 <35ff44e0-6c7c-11cf-8f52-0040333594a3>
 FLOAT red;
 FLOAT green;
 FLOAT blue;
 FLOAT alpha;
}

template ColorRGB {
 <d3e16e81-7835-11cf-8f52-0040333594a3>
 FLOAT red;
 FLOAT green;
 FLOAT blue;
}

template Material {
 <3d82ab4d-62da-11cf-ab39-0020af71e433>
 ColorRGBA faceColor;
 FLOAT power;
 ColorRGB specularColor;
 ColorRGB emissiveColor;
 [...]
}

template TextureFilename {
 <a42790e1-7810-11cf-8f52-0040333594a3>
 STRING filename;
}

template Frame {
 <3d82ab46-62da-11cf-ab39-0020af71e433>
 [...]
}

template Matrix4x4 {
 <f6f23f45-7686-11cf-8f52-0040333594a3>
 array FLOAT matrix[16];
}

template FrameTransformMatrix {
 <f6f23f41-7686-11cf-8f52-0040333594a3>
 Matrix4x4 frameMatrix;
}

template Vector {
 <3d82ab5e-62da-11cf-ab39-0020af71e433>
 FLOAT x;
 FLOAT y;
 FLOAT z;
}

template MeshFace {
 <3d82ab5f-62da-11cf-ab39-0020af71e433>
 DWORD nFaceVertexIndices;
 array DWORD faceVertexIndices[nFaceVertexIndices];
}

template Mesh {
 <3d82ab44-62da-11cf-ab39-0020af71e433>
 DWORD nVertices;
 array Vector vertices[nVertices];
 DWORD nFaces;
 array MeshFace faces[nFaces];
 [...]
}

template MeshMaterialList {
 <f6f23f42-7686-11cf-8f52-0040333594a3>
 DWORD nMaterials;
 DWORD nFaceIndexes;
 array DWORD faceIndexes[nFaceIndexes];
 [Material <3d82ab4d-62da-11cf-ab39-0020af71e433>]
}

template VertexElement {
 <f752461c-1e23-48f6-b9f8-8350850f336f>
 DWORD Type;
 DWORD Method;
 DWORD Usage;
 DWORD UsageIndex;
}

template DeclData {
 <bf22e553-292c-4781-9fea-62bd554bdd93>
 DWORD nElements;
 array VertexElement Elements[nElements];
 DWORD nDWords;
 array DWORD data[nDWords];
}

template XSkinMeshHeader {
 <3cf169ce-ff7c-44ab-93c0-f78f62d172e2>
 WORD nMaxSkinWeightsPerVertex;
 WORD nMaxSkinWeightsPerFace;
 WORD nBones;
}

template SkinWeights {
 <6f0d123b-bad2-4167-a0d0-80224f25fabb>
 STRING transformNodeName;
 DWORD nWeights;
 array DWORD vertexIndices[nWeights];
 array FLOAT weights[nWeights];
 Matrix4x4 matrixOffset;
}

template AnimTicksPerSecond {
 <9e415a43-7ba6-4a73-8743-b73d47e88476>
 DWORD AnimTicksPerSecond;
}

template Animation {
 <3d82ab4f-62da-11cf-ab39-0020af71e433>
 [...]
}

template AnimationSet {
 <3d82ab50-62da-11cf-ab39-0020af71e433>
 [Animation <3d82ab4f-62da-11cf-ab39-0020af71e433>]
}

template FloatKeys {
 <10dd46a9-775b-11cf-8f52-0040333594a3>
 DWORD nValues;
 array FLOAT values[nValues];
}

template TimedFloatKeys {
 <f406b180-7b3b-11cf-8f52-0040333594a3>
 DWORD time;
 FloatKeys tfkeys;
}

template AnimationKey {
 <10dd46a8-775b-11cf-8f52-0040333594a3>
 DWORD keyType;
 DWORD nKeys;
 array TimedFloatKeys keys[nKeys];
}


Material Kanata_M1_13_1_Material {
 1.000000;1.000000;1.000000;1.000000;;
 33.219280;
 0.020000;0.020000;0.020000;;
 0.000000;0.000000;0.000000;;

 TextureFilename {
  "Kanata_M1_13_1.png";
 }
}

Material Avatar_Sakura_C1_Material_Body {
 1.000000;1.000000;1.000000;1.000000;;
 33.219280;
 0.020000;0.020000;0.020000;;
 0.000000;0.000000;0.000000;;

 TextureFilename {
  "Avatar_Yae_sakura_C1_Texture_Body_Color.png";
 }
}

Material Avatar_Sakura_C1_Material_Skin {
 1.000000;0.988235;0.976471;1.000000;;
 33.219280;
 0.020000;0.020000;0.020000;;
 0.000000;0.000000;0.000000;;

 TextureFilename {
  "Avatar_Yae_sakura_C1_Texture_Body_Color.png";
 }
}

Material Avatar_Sakura_C1_Material_Face {
 1.000000;0.988235;0.976471;1.000000;;
 33.219280;
 0.020000;0.020000;0.020000;;
 0.000000;0.000000;0.000000;;

 TextureFilename {
  "Avatar_Yae_sakura_C0_Texture_Face_Color.png";
 }
}

Material Avatar_Sakura_C1_Material_Hair {
 1.000000;0.875000;0.875000;1.000000;;
 33.219280;
 0.020000;0.020000;0.020000;;
 0.000000;0.000000;0.000000;;

 TextureFilename {
  "Avatar_Yae_sakura_C0_Texture_Hair_Color.png";
 }
}

Frame Avatar_Sakura_C1_YS {
 

 FrameTransformMatrix {
  0.374016,0.000000,0.000000,0.000000,0.000000,-0.000000,-0.374016,0.000000,0.000000,0.374016,-0.000000,0.000000,0.000000,0.000000,0.000000,1.000000;;
 }

 Frame Bip001 {
  

  FrameTransformMatrix {
   0.372294,0.927023,0.045011,0.000000,-0.006901,-0.045731,0.998930,0.000000,0.928089,-0.372207,-0.010628,0.000000,0.017568,0.091518,6.568179,1.000000;;
  }

  Frame Bip001_Pelvis {
   

   FrameTransformMatrix {
    -0.004660,0.999989,0.001119,0.000000,0.182446,-0.000250,0.983216,0.000000,0.983205,0.004786,-0.182443,0.000000,0.000000,0.000000,0.000000,1.000000;;
   }

   Frame Bip001_Spine {
    

    FrameTransformMatrix {
     0.991774,-0.008342,0.127731,0.000000,0.024596,0.991698,-0.126214,0.000000,-0.125618,0.128317,0.983745,0.000000,0.084235,-0.000028,0.000352,1.000000;;
    }

    Frame Bip001_L_Thigh {
     

     FrameTransformMatrix {
      -0.127613,-0.327992,0.936022,0.000000,-0.157029,-0.925153,-0.345592,0.000000,0.979315,-0.191085,0.066558,0.000000,-0.084217,0.072974,0.019940,1.000000;;
     }

     Frame Bip001_L_Calf {
      

      FrameTransformMatrix {
       -0.360990,-0.000000,-0.932570,0.000000,-0.000000,1.000000,-0.000000,0.000000,0.932570,0.000000,-0.360990,0.000000,0.419145,0.000000,0.000000,1.000000;;
      }

      Frame Bip001_L_Foot {
       

       FrameTransformMatrix {
        0.994129,0.100164,-0.040925,0.000000,-0.094679,0.988358,0.119102,0.000000,0.052378,-0.114528,0.992038,0.000000,0.504539,-0.000000,0.000000,1.000000;;
       }

       Frame Bip001_L_Toe0 {
        

        FrameTransformMatrix {
         -0.049155,-0.003979,0.998783,0.000000,-0.047788,0.998856,0.001628,0.000000,-0.997647,-0.047650,-0.049289,0.000000,0.166297,0.000000,0.096627,1.000000;;
        }
       }
      }
     }
    }

    Frame Bip001_R_Thigh {
     

     FrameTransformMatrix {
      -0.457626,-0.115113,0.881662,0.000000,0.071345,-0.993141,-0.092637,0.000000,0.886278,0.020509,0.462700,0.000000,-0.082955,-0.076974,0.000538,1.000000;;
     }

     Frame Bip001_R_Calf {
      

      FrameTransformMatrix {
       -0.336301,0.000000,-0.941754,0.000000,-0.000000,1.000000,-0.000000,0.000000,0.941755,0.000000,-0.336301,0.000000,0.419146,0.000000,-0.000000,1.000000;;
      }

      Frame Bip001_R_Foot {
       

       FrameTransformMatrix {
        0.964173,-0.077396,-0.253733,0.000000,0.122303,0.978464,0.166286,0.000000,0.235399,-0.191361,0.952874,0.000000,0.504540,-0.000000,0.000000,1.000000;;
       }

       Frame Bip001_R_Toe0 {
        

        FrameTransformMatrix {
         0.041297,-0.034480,0.998552,0.000000,-0.002025,0.999399,0.034593,0.000000,-0.999145,-0.003451,0.041202,0.000000,0.166297,-0.000000,0.096629,1.000000;;
        }
       }
      }
     }
    }

    Frame Bip001_Spine1 {
     

     FrameTransformMatrix {
      0.998877,-0.015983,0.044604,0.000000,0.015692,0.999853,0.006868,0.000000,-0.044707,-0.006160,0.998981,0.000000,0.065874,0.000000,-0.000059,1.000000;;
     }

     Frame Bip001_Spine2 {
      

      FrameTransformMatrix {
       0.997784,0.002580,0.066481,0.000000,-0.009432,0.994642,0.102950,0.000000,-0.065859,-0.103349,0.992462,0.000000,0.074087,0.000014,-0.000135,1.000000;;
      }

      Frame Bip001_Neck {
       

       FrameTransformMatrix {
        0.864388,-0.152634,0.479101,0.000000,0.154700,0.987326,0.035439,0.000000,-0.478438,0.043484,0.877044,0.000000,0.187625,-0.000003,-0.032737,1.000000;;
       }

       Frame Bip001_Head {
        

        FrameTransformMatrix {
         0.915833,0.159130,-0.368684,0.000000,-0.125118,0.985506,0.114562,0.000000,0.381570,-0.058790,0.922468,0.000000,0.082969,0.000000,-0.000000,1.000000;;
        }

        Frame Bone001 {
         

         FrameTransformMatrix {
          -0.959990,0.000000,-0.280033,0.000000,-0.000000,-1.000000,0.000001,0.000000,-0.280033,0.000001,0.959990,0.000000,0.018523,0.000000,-0.087329,1.000000;;
         }

         Frame Bone002 {
          

          FrameTransformMatrix {
           0.982445,-0.015943,-0.185871,0.000000,0.011842,0.999662,-0.023154,0.000000,0.186177,0.020546,0.982301,0.000000,0.155509,0.000000,0.000000,1.000000;;
          }

          Frame Bone003 {
           

           FrameTransformMatrix {
            0.992040,0.015233,-0.125000,0.000000,-0.018407,0.999536,-0.024274,0.000000,0.124573,0.026382,0.991860,0.000000,0.156648,-0.000000,0.000000,1.000000;;
           }

           Frame Bone004 {
            

            FrameTransformMatrix {
             0.977343,-0.011283,-0.211362,0.000000,0.006885,0.999744,-0.021532,0.000000,0.211551,0.019589,0.977171,0.000000,0.161352,0.000000,-0.000000,1.000000;;
            }

            Frame Bone005 {
             

             FrameTransformMatrix {
              0.892398,0.012028,0.451089,0.000000,-0.001928,0.999737,-0.022842,0.000000,-0.451245,0.019514,0.892187,0.000000,0.155266,0.000000,0.000000,1.000000;;
             }

             Frame Bone006 {
              

              FrameTransformMatrix {
               0.911711,-0.031615,0.409614,0.000000,0.041867,0.998994,-0.016083,0.000000,-0.408694,0.031813,0.912117,0.000000,0.178269,0.000000,0.000000,1.000000;;
              }

              Frame Bone007 {
               

               FrameTransformMatrix {
                0.934503,0.077627,0.347386,0.000000,-0.068363,0.996903,-0.038864,0.000000,-0.349328,0.012570,0.936916,0.000000,0.171982,0.000000,0.000000,1.000000;;
               }
              }
             }
            }
           }
          }
         }
        }

        Frame Bone016 {
         

         FrameTransformMatrix {
          0.316736,-0.656067,-0.685021,0.000000,-0.527952,-0.721931,0.447306,0.000000,-0.788000,0.219980,-0.575034,0.000000,0.045765,-0.064047,-0.086959,1.000000;;
         }
        }

        Frame Bone016_mirrored_ {
         

         FrameTransformMatrix {
          0.566496,0.338365,-0.751392,0.000000,-0.743008,0.604078,-0.288149,0.000000,0.356400,0.721526,0.593616,0.000000,0.045766,0.064050,-0.086959,1.000000;;
         }
        }

        Frame Bone019 {
         

         FrameTransformMatrix {
          0.322650,-0.283257,-0.903140,0.000000,0.296702,-0.875813,0.380684,0.000000,-0.898813,-0.390791,-0.198538,0.000000,0.229426,-0.067025,-0.024962,1.000000;;
         }

         Frame Bone021 {
          

          FrameTransformMatrix {
           0.993239,0.080835,-0.083313,0.000000,-0.080396,0.996726,0.008617,0.000000,0.083737,-0.001861,0.996486,0.000000,0.179444,0.000000,-0.000001,1.000000;;
          }
         }
        }

        Frame Bone019_mirrored_ {
         

         FrameTransformMatrix {
          0.310226,0.408821,-0.858269,0.000000,-0.233375,0.907935,0.348124,0.000000,0.921572,0.092302,0.377074,0.000000,0.229426,0.067020,-0.024962,1.000000;;
         }

         Frame Bone021_mirrored_ {
          

          FrameTransformMatrix {
           0.963605,-0.095663,0.249630,0.000000,0.061289,0.987964,0.142026,0.000000,-0.260212,-0.121557,0.957869,0.000000,0.179444,0.000000,0.000000,1.000000;;
          }
         }
        }

        Frame Bone049 {
         

         FrameTransformMatrix {
          -0.963010,0.099853,0.250284,0.000000,0.253880,0.024895,0.966915,0.000000,0.090318,0.994691,-0.049325,0.000000,0.090405,-0.083149,0.019683,1.000000;;
         }
        }

        Frame Bone049_mirrored_ {
         

         FrameTransformMatrix {
          -0.963009,-0.099852,0.250285,0.000000,0.253881,-0.024893,0.966915,0.000000,-0.090318,0.994691,0.049323,0.000000,0.090405,0.083150,0.019683,1.000000;;
         }
        }
       }

       Frame Bip001_L_Clavicle {
        

        FrameTransformMatrix {
         -0.225671,0.972966,-0.049082,0.000000,0.859461,0.175117,-0.480271,0.000000,-0.458692,-0.150567,-0.875746,0.000000,-0.021347,0.031655,-0.002736,1.000000;;
        }

        Frame Bip001_L_UpperArm {
         

         FrameTransformMatrix {
          0.883836,-0.369126,0.287368,0.000000,0.393294,0.918948,-0.029229,0.000000,-0.253287,0.138854,0.957374,0.000000,0.091477,0.000000,0.000000,1.000000;;
         }

         Frame Bip001_L_Forearm {
          

          FrameTransformMatrix {
           -0.237629,0.000000,-0.971356,0.000000,0.000000,1.000000,-0.000000,0.000000,0.971356,-0.000000,-0.237629,0.000000,0.237186,-0.000000,-0.000000,1.000000;;
          }

          Frame Bip001_L_Hand {
           

           FrameTransformMatrix {
            0.879435,0.464904,-0.102269,0.000000,0.244245,-0.256294,0.935232,0.000000,0.408582,-0.847454,-0.338944,0.000000,0.223800,0.000001,-0.000000,1.000000;;
           }

           Frame Bip001_L_Finger0 {
            

            FrameTransformMatrix {
             0.781611,-0.623566,0.015822,0.000000,0.391117,0.470172,-0.791180,0.000000,0.485914,0.624583,0.611379,0.000000,0.025953,-0.014998,0.014605,1.000000;;
            }

            Frame Bip001_L_Finger01 {
             

             FrameTransformMatrix {
              0.797307,0.000000,0.603573,0.000000,-0.000000,1.000000,0.000000,0.000000,-0.603573,-0.000000,0.797307,0.000000,0.036432,-0.000000,-0.000000,1.000000;;
             }

             Frame Bip001_L_Finger02 {
              

              FrameTransformMatrix {
               0.996343,0.000000,-0.085446,0.000000,0.000000,1.000000,0.000000,0.000000,0.085446,0.000000,0.996343,0.000000,0.030692,-0.000000,-0.000000,1.000000;;
              }
             }
            }
           }

           Frame Bip001_L_Finger1 {
            

            FrameTransformMatrix {
             0.999533,0.018702,-0.024182,0.000000,-0.018926,0.999780,-0.009031,0.000000,0.024008,0.009484,0.999666,0.000000,0.077852,-0.017755,-0.001597,1.000000;;
            }

            Frame Bip001_L_Finger11 {
             

             FrameTransformMatrix {
              0.954167,-0.000000,0.299274,0.000000,0.000000,1.000000,-0.000000,0.000000,-0.299274,0.000000,0.954167,0.000000,0.032555,0.000000,0.000000,1.000000;;
             }

             Frame Bip001_L_Finger12 {
              

              FrameTransformMatrix {
               0.939373,0.000000,0.342898,0.000000,-0.000000,1.000000,-0.000000,0.000000,-0.342898,-0.000000,0.939373,0.000000,0.022259,0.000000,0.000001,1.000000;;
              }
             }
            }
           }

           Frame Bip001_L_Finger2 {
            

            FrameTransformMatrix {
             0.998080,0.056499,0.025419,0.000000,-0.058156,0.995849,0.070029,0.000000,-0.021357,-0.071372,0.997221,0.000000,0.077692,0.001554,-0.002725,1.000000;;
            }

            Frame Bip001_L_Finger21 {
             

             FrameTransformMatrix {
              0.760032,-0.000000,0.649886,0.000000,0.000000,1.000000,0.000000,0.000000,-0.649886,0.000000,0.760032,0.000000,0.035698,0.000000,0.000000,1.000000;;
             }

             Frame Bip001_L_Finger22 {
              

              FrameTransformMatrix {
               0.939373,0.000000,0.342898,0.000000,-0.000000,1.000000,-0.000000,0.000000,-0.342898,0.000000,0.939373,0.000000,0.027462,0.000000,0.000000,1.000000;;
              }
             }
            }
           }

           Frame Bip001_L_Finger3 {
            

            FrameTransformMatrix {
             0.999496,0.018378,-0.025885,0.000000,-0.010620,0.961981,0.272908,0.000000,0.029916,-0.272496,0.961692,0.000000,0.076548,0.020774,0.003138,1.000000;;
            }

            Frame Bip001_L_Finger31 {
             

             FrameTransformMatrix {
              0.700451,0.000000,0.713700,0.000000,0.000000,1.000000,-0.000000,0.000000,-0.713700,0.000000,0.700452,0.000000,0.032988,-0.000000,-0.000000,1.000000;;
             }

             Frame Bip001_L_Finger32 {
              

              FrameTransformMatrix {
               0.906605,-0.000000,0.421981,0.000000,0.000000,1.000000,-0.000000,0.000000,-0.421981,0.000000,0.906605,0.000000,0.026982,0.000001,0.000000,1.000000;;
              }
             }
            }
           }

           Frame Bip001_L_Finger4 {
            

            FrameTransformMatrix {
             0.996119,0.062760,-0.061696,0.000000,-0.024665,0.872027,0.488835,0.000000,0.084481,-0.485417,0.870192,0.000000,0.064255,0.032365,0.009930,1.000000;;
            }

            Frame Bip001_L_Finger41 {
             

             FrameTransformMatrix {
              0.745168,0.000000,0.666877,0.000000,0.000000,1.000000,-0.000000,0.000000,-0.666877,0.000000,0.745168,0.000000,0.027415,-0.000000,-0.000000,1.000000;;
             }

             Frame Bip001_L_Finger42 {
              

              FrameTransformMatrix {
               0.745168,0.000000,0.666877,0.000000,-0.000000,1.000000,0.000000,0.000000,-0.666877,-0.000000,0.745168,0.000000,0.016412,0.000000,0.000000,1.000000;;
              }
             }
            }
           }
          }
         }

         Frame Bone023_mirrored_ {
          

          FrameTransformMatrix {
           0.799174,0.306145,0.517297,0.000000,0.269323,-0.951737,0.147177,0.000000,0.537388,0.021701,-0.843056,0.000000,0.223018,-0.061754,0.008571,1.000000;;
          }

          Frame Bone024_mirrored_ {
           

           FrameTransformMatrix {
            0.976446,-0.054901,0.208661,0.000000,0.029075,0.991746,0.124881,0.000000,-0.213795,-0.115873,0.969982,0.000000,0.183361,0.000000,-0.000000,1.000000;;
           }

           Frame Bone025_mirrored_ {
            

            FrameTransformMatrix {
             0.954877,0.264647,0.134803,0.000000,-0.262750,0.964333,-0.032004,0.000000,-0.138464,-0.004859,0.990356,0.000000,0.174298,0.000000,0.000000,1.000000;;
            }

            Frame Bone026_mirrored_ {
             

             FrameTransformMatrix {
              0.960246,-0.230641,-0.157265,0.000000,0.247997,0.963452,0.101277,0.000000,0.128158,-0.136252,0.982350,0.000000,0.185835,0.000000,-0.000000,1.000000;;
             }
            }
           }
          }
         }
        }
       }

       Frame Bip001_R_Clavicle {
        

        FrameTransformMatrix {
         0.424803,-0.902189,0.074818,0.000000,-0.797375,-0.333754,0.502793,0.000000,-0.428644,-0.273246,-0.861163,0.000000,-0.010849,-0.036254,-0.005727,1.000000;;
        }

        Frame Bip001_R_UpperArm {
         

         FrameTransformMatrix {
          0.757968,0.087360,0.646415,0.000000,0.234218,0.888453,-0.394707,0.000000,-0.608791,0.450577,0.652958,0.000000,0.091477,0.000000,-0.000000,1.000000;;
         }

         Frame Bip001_R_Forearm {
          

          FrameTransformMatrix {
           0.291589,0.000000,-0.956544,0.000000,-0.000000,1.000000,0.000000,0.000000,0.956544,-0.000000,0.291589,0.000000,0.237186,0.000000,0.000000,1.000000;;
          }

          Frame Bip001_R_Hand {
           

           FrameTransformMatrix {
            0.969246,-0.223395,0.103233,0.000000,0.094572,-0.049159,-0.994303,0.000000,0.227197,0.973488,-0.026520,0.000000,0.223800,0.000000,0.000000,1.000000;;
           }

           Frame Bip001_R_Finger0 {
            

            FrameTransformMatrix {
             0.587542,0.718631,0.371975,0.000000,-0.685474,0.197721,0.700736,0.000000,0.430023,-0.666690,0.608772,0.000000,0.025953,0.014999,0.014605,1.000000;;
            }

            Frame Bip001_R_Finger01 {
             

             FrameTransformMatrix {
              0.845691,-0.000000,0.533673,0.000000,0.000000,1.000000,0.000000,0.000000,-0.533673,0.000000,0.845691,0.000000,0.036432,0.000001,0.000000,1.000000;;
             }

             Frame Bip001_R_Finger02 {
              

              FrameTransformMatrix {
               0.939373,0.000000,0.342898,0.000000,0.000000,1.000000,0.000000,0.000000,-0.342898,0.000000,0.939373,0.000000,0.030692,0.000000,-0.000000,1.000000;;
              }
             }
            }
           }

           Frame Bip001_R_Finger1 {
            

            FrameTransformMatrix {
             0.950709,0.045844,0.306676,0.000000,-0.039304,0.998850,-0.027470,0.000000,-0.307583,0.014062,0.951417,0.000000,0.077852,0.017755,-0.001597,1.000000;;
            }

            Frame Bip001_R_Finger11 {
             

             FrameTransformMatrix {
              -0.087825,0.000000,0.996136,0.000000,-0.000000,1.000000,-0.000000,0.000000,-0.996136,-0.000000,-0.087825,0.000000,0.032555,-0.000000,0.000001,1.000000;;
             }

             Frame Bip001_R_Finger12 {
              

              FrameTransformMatrix {
               0.561181,-0.000000,0.827693,0.000000,0.000000,1.000000,0.000000,0.000000,-0.827693,0.000000,0.561181,0.000000,0.022259,0.000000,0.000000,1.000000;;
              }
             }
            }
           }

           Frame Bip001_R_Finger2 {
            

            FrameTransformMatrix {
             0.687933,-0.021559,0.725454,0.000000,0.062465,0.997609,-0.029588,0.000000,-0.723081,0.065670,0.687635,0.000000,0.082384,-0.001705,-0.002984,1.000000;;
            }

            Frame Bip001_R_Finger21 {
             

             FrameTransformMatrix {
              0.005468,0.000000,0.999985,0.000000,0.000000,1.000000,0.000000,0.000000,-0.999985,0.000000,0.005468,0.000000,0.032462,0.000000,0.000000,1.000000;;
             }

             Frame Bip001_R_Finger22 {
              

              FrameTransformMatrix {
               0.346503,0.000000,0.938049,0.000000,-0.000000,1.000000,-0.000000,0.000000,-0.938049,-0.000000,0.346503,0.000000,0.025593,0.000000,-0.000000,1.000000;;
              }
             }
            }
           }

           Frame Bip001_R_Finger3 {
            

            FrameTransformMatrix {
             0.781678,0.057351,0.621040,0.000000,0.114363,0.965699,-0.233122,0.000000,-0.613108,0.253250,0.748307,0.000000,0.076547,-0.020774,0.003139,1.000000;;
            }

            Frame Bip001_R_Finger31 {
             

             FrameTransformMatrix {
              -0.027578,0.000000,0.999620,0.000000,-0.000000,1.000000,-0.000000,0.000000,-0.999620,-0.000000,-0.027578,0.000000,0.032988,0.000000,-0.000001,1.000000;;
             }

             Frame Bip001_R_Finger32 {
              

              FrameTransformMatrix {
               -0.027578,-0.000000,0.999620,0.000000,0.000000,1.000000,0.000000,0.000000,-0.999620,0.000000,-0.027578,0.000000,0.024844,-0.000000,0.000000,1.000000;;
              }
             }
            }
           }

           Frame Bip001_R_Finger4 {
            

            FrameTransformMatrix {
             0.996563,-0.064176,-0.052367,0.000000,0.047004,0.958727,-0.280417,0.000000,0.068202,0.276992,0.958449,0.000000,0.064255,-0.032365,0.009931,1.000000;;
            }

            Frame Bip001_R_Finger41 {
             

             FrameTransformMatrix {
              0.057063,0.000000,0.998370,0.000000,-0.000000,1.000000,-0.000000,0.000000,-0.998370,-0.000000,0.057063,0.000000,0.027415,-0.000000,0.000000,1.000000;;
             }

             Frame Bip001_R_Finger42 {
              

              FrameTransformMatrix {
               0.474563,-0.000000,0.880222,0.000000,0.000000,1.000000,-0.000000,0.000000,-0.880222,0.000000,0.474563,0.000000,0.016412,-0.000000,0.000000,1.000000;;
              }
             }
            }
           }
          }
         }

         Frame Bone023 {
          

          FrameTransformMatrix {
           0.587576,-0.374678,0.717197,0.000000,0.222674,0.926987,0.301847,0.000000,-0.777927,-0.017657,0.628106,0.000000,0.223020,0.061752,0.008572,1.000000;;
          }

          Frame Bone024 {
           

           FrameTransformMatrix {
            0.991814,0.127225,0.010916,0.000000,-0.127222,0.991874,-0.000979,0.000000,-0.010952,-0.000418,0.999940,0.000000,0.183360,0.000000,0.000000,1.000000;;
           }

           Frame Bone025 {
            

            FrameTransformMatrix {
             0.999438,-0.024487,0.022903,0.000000,0.024478,0.999700,0.000670,0.000000,-0.022913,-0.000109,0.999738,0.000000,0.174298,0.000000,0.000000,1.000000;;
            }

            Frame Bone026 {
             

             FrameTransformMatrix {
              0.999377,-0.034891,0.005283,0.000000,0.034882,0.999390,0.001780,0.000000,-0.005342,-0.001595,0.999985,0.000000,0.185835,0.000000,0.000000,1.000000;;
             }
            }
           }
          }
         }
        }
       }
      }

      Frame Bone047 {
       

       FrameTransformMatrix {
        0.146752,-0.389477,0.909270,0.000000,-0.062057,-0.921036,-0.384502,0.000000,0.987225,-0.000000,-0.159334,0.000000,0.060274,-0.046767,0.040700,1.000000;;
       }
      }

      Frame Bone047_mirrored_ {
       

       FrameTransformMatrix {
        0.146751,0.389481,0.909268,0.000000,-0.062057,0.921035,-0.384505,0.000000,-0.987225,0.000000,0.159333,0.000000,0.060274,0.046770,0.040700,1.000000;;
       }
      }
     }

     Frame Bone028 {
      

      FrameTransformMatrix {
       0.211784,-0.807420,-0.550655,0.000000,0.117792,0.580417,-0.805755,0.000000,0.970192,0.105783,0.218031,0.000000,0.037700,-0.035075,-0.088270,1.000000;;
      }
     }

     Frame Bone028_mirrored_ {
      

      FrameTransformMatrix {
       0.123538,0.793322,-0.596137,0.000000,-0.031784,-0.597267,-0.801412,0.000000,-0.991831,0.117952,-0.048570,0.000000,0.037700,0.035080,-0.088270,1.000000;;
      }
     }

     Frame Bone030 {
      

      FrameTransformMatrix {
       -0.046666,-0.241566,-0.969262,0.000000,0.124834,-0.964122,0.234275,0.000000,-0.991079,-0.110065,0.075148,0.000000,0.007506,-0.051464,-0.099143,1.000000;;
      }

      Frame Bone031 {
       

       FrameTransformMatrix {
        0.962866,0.105656,0.248448,0.000000,-0.104982,0.994345,-0.016001,0.000000,-0.248734,-0.010676,0.968513,0.000000,0.181525,-0.000000,0.000000,1.000000;;
       }

       Frame Bone032 {
        

        FrameTransformMatrix {
         0.987177,-0.041216,0.154216,0.000000,0.039240,0.999104,0.015838,0.000000,-0.154731,-0.009584,0.987910,0.000000,0.150061,-0.000000,0.000000,1.000000;;
        }
       }
      }
     }

     Frame Bone030_mirrored_ {
      

      FrameTransformMatrix {
       -0.001985,-0.176468,-0.984304,0.000000,-0.174020,0.969349,-0.173436,0.000000,0.984740,0.170944,-0.032634,0.000000,0.009773,0.055302,-0.104061,1.000000;;
      }

      Frame Bone031_mirrored_ {
       

       FrameTransformMatrix {
        0.963462,-0.063856,-0.260123,0.000000,0.070908,0.997324,0.017810,0.000000,0.258290,-0.035605,0.965411,0.000000,0.181525,0.000000,0.000000,1.000000;;
       }

       Frame Bone032_mirrored_ {
        

        FrameTransformMatrix {
         0.978109,0.197918,-0.064284,0.000000,-0.192400,0.977800,0.083000,0.000000,0.079284,-0.068815,0.994474,0.000000,0.150062,0.000000,0.000000,1.000000;;
        }
       }
      }
     }
    }
   }

   Frame Bone034 {
    

    FrameTransformMatrix {
     -0.660687,-0.473246,0.582693,0.000000,0.740290,-0.282184,0.610198,0.000000,-0.124347,0.834512,0.536775,0.000000,0.095644,-0.056571,0.082180,1.000000;;
    }

    Frame Bone035 {
     

     FrameTransformMatrix {
      0.758336,0.646246,-0.085393,0.000000,-0.646404,0.762423,0.029524,0.000000,0.084185,0.032809,0.995910,0.000000,0.094220,-0.000000,-0.000000,1.000000;;
     }
    }
   }

   Frame Bone034_mirrored_ {
    

    FrameTransformMatrix {
     -0.444912,0.104752,0.889427,0.000000,0.892111,0.139093,0.429873,0.000000,-0.078683,0.984723,-0.155335,0.000000,0.095644,0.056570,0.082180,1.000000;;
    }

    Frame Bone035_mirrored_ {
     

     FrameTransformMatrix {
      0.996257,0.066981,0.054643,0.000000,-0.066734,0.997751,-0.006324,0.000000,-0.054943,0.002654,0.998486,0.000000,0.094220,-0.000001,0.000000,1.000000;;
     }
    }
   }

   Frame Bone037 {
    

    FrameTransformMatrix {
     -0.428077,-0.860201,-0.277136,0.000000,0.093484,-0.347156,0.933137,0.000000,-0.898894,0.373546,0.229024,0.000000,0.109966,-0.127807,0.005874,1.000000;;
    }

    Frame Bone038 {
     

     FrameTransformMatrix {
      0.688439,-0.379327,-0.618193,0.000000,0.170998,0.913194,-0.369913,0.000000,0.704848,0.148953,0.693543,0.000000,0.094723,0.000000,0.000000,1.000000;;
     }
    }
   }

   Frame Bone037_mirrored_ {
    

    FrameTransformMatrix {
     -0.903054,0.391550,-0.176586,0.000000,-0.161884,0.070542,0.984285,0.000000,0.397853,0.917449,-0.000318,0.000000,0.105963,0.126030,0.010951,1.000000;;
    }

    Frame Bone038_mirrored_ {
     

     FrameTransformMatrix {
      0.998731,-0.005150,0.050106,0.000000,0.005138,0.999987,0.000363,0.000000,-0.050108,-0.000105,0.998744,0.000000,0.094723,-0.000000,0.000000,1.000000;;
     }
    }
   }

   Frame Bone040 {
    

    FrameTransformMatrix {
     -0.670382,-0.278579,-0.687737,0.000000,0.736325,-0.135172,-0.662989,0.000000,0.091732,-0.950854,0.295741,0.000000,0.112545,-0.045898,-0.059485,1.000000;;
    }

    Frame Bone041 {
     

     FrameTransformMatrix {
      0.717777,0.695907,0.022578,0.000000,-0.696072,0.716413,0.047290,0.000000,0.016734,-0.049659,0.998626,0.000000,0.096647,-0.000000,0.000000,1.000000;;
     }
    }
   }

   Frame Bone040_mirrored_ {
    

    FrameTransformMatrix {
     -0.829064,0.236573,-0.506640,0.000000,0.553033,0.213248,-0.805407,0.000000,-0.082497,-0.947923,-0.307629,0.000000,0.112545,0.045900,-0.059484,1.000000;;
    }

    Frame Bone041_mirrored_ {
     

     FrameTransformMatrix {
      0.992459,-0.001893,0.122563,0.000000,0.017136,0.992205,-0.123436,0.000000,-0.121374,0.124605,0.984755,0.000000,0.096647,0.000000,-0.000000,1.000000;;
     }
    }
   }

   Frame Bone043 {
    

    FrameTransformMatrix {
     -0.529873,-0.703803,0.473177,0.000000,-0.355409,-0.322302,-0.877386,0.000000,0.770012,-0.633075,-0.079359,0.000000,0.109009,-0.068118,0.039634,1.000000;;
    }
   }
  }

  Frame Bip001_Prop1 {
   

   FrameTransformMatrix {
    0.345325,-0.933660,-0.095027,0.000000,-0.873605,-0.356794,0.330926,0.000000,-0.342878,-0.031261,-0.938860,0.000000,0.246672,0.090398,0.141597,1.000000;;
   }

   Frame Kanata_M1_L {
    

    FrameTransformMatrix {
     1.000000,-0.000000,0.000001,0.000000,0.000000,1.000000,-0.000000,0.000000,-0.000001,-0.000000,1.000000,0.000000,-0.000001,-0.050000,-0.000000,1.000000;;
    }

    Mesh Kanata_M1_L {
     495;
     0.021812;0.902221;-0.001872;,
     0.029162;0.921235;0.000000;,
     0.026894;0.905701;-0.001744;,
     0.018998;0.914274;0.000000;,
     0.009980;0.903953;0.000000;,
     0.017303;0.897060;-0.002087;,
     0.003782;0.892192;0.000000;,
     0.014204;0.891179;-0.002334;,
     -0.005816;0.830940;0.000000;,
     0.005009;0.830940;-0.003208;,
     -0.019048;0.740645;0.000000;,
     -0.007048;0.740645;-0.003315;,
     -0.028109;0.650350;0.000000;,
     -0.015543;0.650351;-0.003315;,
     -0.034356;0.560055;0.000000;,
     -0.021171;0.560055;-0.003315;,
     0.024627;0.890167;-0.002334;,
     0.015834;0.830940;-0.003208;,
     0.004952;0.740645;-0.003315;,
     -0.002978;0.650351;-0.003315;,
     -0.007988;0.560055;-0.003315;,
     -0.037923;0.469760;0.000000;,
     -0.023917;0.469760;-0.003315;,
     -0.038298;0.379466;0.000000;,
     -0.024105;0.379466;-0.003315;,
     -0.036549;0.289171;0.000000;,
     -0.021473;0.289171;-0.003315;,
     -0.009910;0.469760;-0.003315;,
     -0.009912;0.379466;-0.003315;,
     -0.006593;0.289171;-0.003315;,
     -0.016859;0.197920;-0.003315;,
     -0.001165;0.198379;-0.003315;,
     -0.032992;0.197450;0.000000;,
     0.015834;0.830940;0.003209;,
     0.004952;0.740645;-0.003315;,
     0.015834;0.830940;-0.003208;,
     0.004952;0.740645;0.003315;,
     -0.002978;0.650351;-0.003315;,
     -0.002978;0.650351;0.003315;,
     0.024627;0.890167;0.002334;,
     0.024627;0.890167;-0.002334;,
     0.026894;0.905701;0.001745;,
     0.026894;0.905701;-0.001744;,
     -0.007988;0.560055;-0.003315;,
     -0.007988;0.560055;0.003315;,
     -0.009910;0.469760;-0.003315;,
     -0.009910;0.469760;0.003315;,
     -0.009912;0.379466;-0.003315;,
     -0.009912;0.379466;0.003315;,
     -0.006593;0.289171;0.003315;,
     -0.006593;0.289171;-0.003315;,
     -0.001165;0.198379;0.003315;,
     -0.001165;0.198379;-0.003315;,
     0.029162;0.921235;0.000000;,
     0.021812;0.902221;0.001872;,
     0.029162;0.921235;0.000000;,
     0.018998;0.914274;0.000000;,
     0.026894;0.905701;0.001745;,
     0.009980;0.903953;0.000000;,
     0.017303;0.897060;0.002087;,
     0.003782;0.892192;0.000000;,
     0.014204;0.891179;0.002334;,
     -0.005816;0.830940;0.000000;,
     0.005009;0.830940;0.003208;,
     -0.019048;0.740645;0.000000;,
     -0.007048;0.740645;0.003315;,
     -0.028109;0.650350;0.000000;,
     -0.015543;0.650351;0.003315;,
     -0.034356;0.560055;0.000000;,
     -0.021171;0.560055;0.003315;,
     0.024627;0.890167;0.002334;,
     0.015834;0.830940;0.003209;,
     0.004952;0.740645;0.003315;,
     -0.002978;0.650351;0.003315;,
     -0.007988;0.560055;0.003315;,
     -0.023917;0.469760;0.003315;,
     -0.037923;0.469760;0.000000;,
     -0.038298;0.379466;0.000000;,
     -0.024105;0.379466;0.003315;,
     -0.036549;0.289171;0.000000;,
     -0.021473;0.289171;0.003315;,
     -0.009910;0.469760;0.003315;,
     -0.009912;0.379466;0.003315;,
     -0.006593;0.289171;0.003315;,
     -0.032992;0.197450;0.000000;,
     -0.016859;0.197920;0.003315;,
     -0.001165;0.198379;0.003315;,
     -0.015434;0.166227;0.004180;,
     -0.000045;0.198390;0.004180;,
     -0.016786;0.197920;0.004180;,
     0.001912;0.167970;0.004180;,
     -0.033430;0.164527;0.000402;,
     -0.034454;0.197450;0.000571;,
     -0.033430;0.164527;-0.000402;,
     -0.016786;0.197920;-0.004180;,
     -0.015434;0.166227;-0.004180;,
     -0.034454;0.197450;-0.000571;,
     -0.000045;0.198390;-0.004180;,
     0.001912;0.167970;-0.004180;,
     -0.033430;0.164527;0.000402;,
     -0.034454;0.197450;-0.000571;,
     -0.033430;0.164527;-0.000402;,
     -0.034454;0.197450;0.000571;,
     -0.000045;0.198390;0.004180;,
     0.001912;0.167970;-0.004180;,
     -0.000045;0.198390;-0.004180;,
     0.001912;0.167970;0.004180;,
     -0.000045;0.198390;0.004180;,
     -0.016786;0.197920;-0.004180;,
     -0.016786;0.197920;0.004180;,
     -0.000045;0.198390;-0.004180;,
     -0.034454;0.197450;0.000571;,
     -0.034454;0.197450;-0.000571;,
     -0.035467;0.149277;-0.004428;,
     -0.028033;0.155864;-0.011594;,
     -0.027395;0.150015;-0.011594;,
     -0.036105;0.155126;-0.004428;,
     -0.035467;0.149277;0.004429;,
     -0.036105;0.155126;0.004429;,
     -0.014974;0.157057;-0.014331;,
     -0.014336;0.151208;-0.014331;,
     -0.001914;0.158251;-0.011594;,
     -0.001276;0.152402;-0.011594;,
     0.006796;0.153139;-0.004428;,
     0.006158;0.158989;-0.004428;,
     0.006158;0.158989;0.004429;,
     0.006796;0.153139;0.004429;,
     -0.001914;0.158251;0.011594;,
     -0.001276;0.152402;0.011594;,
     -0.014974;0.157057;0.014331;,
     -0.014336;0.151208;0.014331;,
     -0.028033;0.155864;0.011594;,
     -0.027395;0.150015;0.011594;,
     -0.036105;0.155126;0.004429;,
     -0.035467;0.149277;0.004429;,
     0.033855;-0.114316;0.002835;,
     0.028689;-0.114788;-0.007421;,
     0.033855;-0.114316;-0.002834;,
     0.028689;-0.114788;0.007421;,
     0.020330;-0.115552;-0.009172;,
     0.020330;-0.115552;0.009173;,
     0.011972;-0.116315;0.007421;,
     0.011972;-0.116315;-0.007421;,
     0.006805;-0.116788;-0.002834;,
     0.006805;-0.116788;0.002835;,
     0.020401;-0.043406;-0.009790;,
     0.017834;0.024478;-0.003739;,
     0.027216;-0.042783;-0.003739;,
     0.011019;0.023855;-0.009790;,
     0.017834;0.024478;0.003740;,
     0.027216;-0.042783;0.003740;,
     0.009373;-0.044414;-0.012101;,
     -0.000009;0.022847;-0.012101;,
     -0.001654;-0.045422;-0.009790;,
     -0.011036;0.021840;-0.009790;,
     -0.008470;-0.046045;-0.003739;,
     -0.017852;0.021217;-0.003739;,
     -0.008470;-0.046045;0.003740;,
     -0.017852;0.021217;0.003740;,
     0.030842;-0.110668;-0.009790;,
     0.037657;-0.110045;-0.003739;,
     0.037657;-0.110045;0.003740;,
     0.001971;-0.113306;0.003740;,
     0.001971;-0.113306;-0.003739;,
     0.008787;-0.112683;-0.009790;,
     0.019814;-0.111676;-0.012101;,
     -0.025714;0.088478;-0.003739;,
     -0.025714;0.088478;0.003740;,
     -0.018899;0.089101;-0.009790;,
     -0.007871;0.090109;-0.012101;,
     0.003157;0.091117;-0.009790;,
     0.009972;0.091740;-0.003739;,
     0.009972;0.091740;0.003740;,
     0.003892;0.149157;-0.003739;,
     0.003893;0.149157;0.003740;,
     -0.031794;0.145896;0.003740;,
     -0.031794;0.145896;-0.003739;,
     -0.024978;0.146519;-0.009790;,
     -0.013951;0.147527;-0.012101;,
     -0.002923;0.148534;-0.009790;,
     0.027216;-0.042783;0.003740;,
     0.011019;0.023855;0.009790;,
     0.020401;-0.043406;0.009790;,
     0.017834;0.024478;0.003740;,
     -0.000009;0.022847;0.012101;,
     0.009373;-0.044414;0.012101;,
     -0.011036;0.021840;0.009790;,
     -0.001654;-0.045422;0.009790;,
     -0.017852;0.021217;0.003740;,
     -0.008470;-0.046045;0.003740;,
     0.037657;-0.110045;0.003740;,
     0.030842;-0.110668;0.009790;,
     0.019814;-0.111676;0.012101;,
     0.008787;-0.112683;0.009790;,
     0.001971;-0.113306;0.003740;,
     0.003157;0.091117;0.009790;,
     0.009972;0.091740;0.003740;,
     -0.018899;0.089101;0.009790;,
     -0.007871;0.090109;0.012101;,
     -0.025714;0.088478;0.003740;,
     0.003893;0.149157;0.003740;,
     -0.002923;0.148534;0.009790;,
     -0.013951;0.147527;0.012101;,
     -0.024978;0.146519;0.009790;,
     -0.031794;0.145896;0.003740;,
     0.006796;0.153139;-0.004428;,
     0.003893;0.149157;0.003740;,
     0.003892;0.149157;-0.003739;,
     0.006796;0.153139;0.004429;,
     -0.001276;0.152402;-0.011594;,
     -0.002923;0.148534;-0.009790;,
     -0.014336;0.151208;-0.014331;,
     -0.013951;0.147527;-0.012101;,
     -0.027395;0.150015;-0.011594;,
     -0.024978;0.146519;-0.009790;,
     -0.035467;0.149277;-0.004428;,
     -0.031794;0.145896;-0.003739;,
     -0.035467;0.149277;0.004429;,
     -0.031794;0.145896;0.003740;,
     0.006796;0.153139;0.004429;,
     -0.002923;0.148534;0.009790;,
     0.003893;0.149157;0.003740;,
     -0.001276;0.152402;0.011594;,
     -0.013951;0.147527;0.012101;,
     -0.014336;0.151208;0.014331;,
     -0.024978;0.146519;0.009790;,
     -0.027395;0.150015;0.011594;,
     -0.031794;0.145896;0.003740;,
     -0.035467;0.149277;0.004429;,
     0.011972;-0.116315;-0.007421;,
     0.019814;-0.111676;-0.012101;,
     0.020330;-0.115552;-0.009172;,
     0.008787;-0.112683;-0.009790;,
     0.006805;-0.116788;-0.002834;,
     0.001971;-0.113306;-0.003739;,
     0.006805;-0.116788;0.002835;,
     0.001971;-0.113306;0.003740;,
     0.011972;-0.116315;0.007421;,
     0.008787;-0.112683;0.009790;,
     0.020330;-0.115552;0.009173;,
     0.019814;-0.111676;0.012101;,
     0.028689;-0.114788;0.007421;,
     0.030842;-0.110668;0.009790;,
     0.033855;-0.114316;0.002835;,
     0.037657;-0.110045;0.003740;,
     0.033855;-0.114316;-0.002834;,
     0.037657;-0.110045;-0.003739;,
     0.028689;-0.114788;-0.007421;,
     0.030842;-0.110668;-0.009790;,
     0.006064;0.157947;-0.035875;,
     0.010471;0.169815;-0.032508;,
     0.011567;0.158478;-0.032508;,
     0.004968;0.169284;-0.035875;,
     -0.000669;0.157298;-0.037471;,
     -0.001765;0.168635;-0.037471;,
     -0.025815;0.166315;-0.037471;,
     -0.024719;0.154977;-0.037471;,
     -0.032547;0.165665;-0.035875;,
     -0.031451;0.154328;-0.035875;,
     -0.036954;0.153797;-0.032508;,
     -0.038050;0.165134;-0.032508;,
     -0.038999;0.153600;-0.028270;,
     -0.040095;0.164937;-0.028270;,
     -0.045426;0.152980;-0.025244;,
     -0.046521;0.164317;-0.025244;,
     0.013612;0.158675;-0.028270;,
     0.012516;0.170012;-0.028270;,
     0.020038;0.159295;-0.025244;,
     0.018942;0.170632;-0.025244;,
     0.024796;0.171197;-0.020357;,
     0.025892;0.159860;-0.020357;,
     0.029655;0.160223;-0.013801;,
     0.028559;0.171560;-0.013801;,
     0.031457;0.160397;-0.006623;,
     0.030361;0.171734;-0.006623;,
     -0.051279;0.152415;-0.020357;,
     -0.052375;0.163752;-0.020357;,
     -0.055042;0.152052;-0.013800;,
     -0.056138;0.163389;-0.013800;,
     -0.056844;0.151878;-0.006622;,
     -0.057940;0.163215;-0.006622;,
     -0.057940;0.163215;0.006623;,
     -0.056844;0.151878;0.006623;,
     -0.056138;0.163389;0.013801;,
     -0.055042;0.152052;0.013801;,
