xof 0303txt 0032
template ColorRGBA {
 <35ff44e0-6c7c-11cf-8f52-0040333594a3>
 FLOAT red;
 FLOAT green;
 FLOAT blue;
 FLOAT alpha;
}

template ColorRGB {
 <d3e16e81-7835-11cf-8f52-0040333594a3>
 FLOAT red;
 FLOAT green;
 FLOAT blue;
}

template Material {
 <3d82ab4d-62da-11cf-ab39-0020af71e433>
 ColorRGBA faceColor;
 FLOAT power;
 ColorRGB specularColor;
 ColorRGB emissiveColor;
 [...]
}

template TextureFilename {
 <a42790e1-7810-11cf-8f52-0040333594a3>
 STRING filename;
}

template Frame {
 <3d82ab46-62da-11cf-ab39-0020af71e433>
 [...]
}

template Matrix4x4 {
 <f6f23f45-7686-11cf-8f52-0040333594a3>
 array FLOAT matrix[16];
}

template FrameTransformMatrix {
 <f6f23f41-7686-11cf-8f52-0040333594a3>
 Matrix4x4 frameMatrix;
}

template Vector {
 <3d82ab5e-62da-11cf-ab39-0020af71e433>
 FLOAT x;
 FLOAT y;
 FLOAT z;
}

template MeshFace {
 <3d82ab5f-62da-11cf-ab39-0020af71e433>
 DWORD nFaceVertexIndices;
 array DWORD faceVertexIndices[nFaceVertexIndices];
}

template Mesh {
 <3d82ab44-62da-11cf-ab39-0020af71e433>
 DWORD nVertices;
 array Vector vertices[nVertices];
 DWORD nFaces;
 array MeshFace faces[nFaces];
 [...]
}

template MeshMaterialList {
 <f6f23f42-7686-11cf-8f52-0040333594a3>
 DWORD nMaterials;
 DWORD nFaceIndexes;
 array DWORD faceIndexes[nFaceIndexes];
 [Material <3d82ab4d-62da-11cf-ab39-0020af71e433>]
}

template VertexElement {
 <f752461c-1e23-48f6-b9f8-8350850f336f>
 DWORD Type;
 DWORD Method;
 DWORD Usage;
 DWORD UsageIndex;
}

template DeclData {
 <bf22e553-292c-4781-9fea-62bd554bdd93>
 DWORD nElements;
 array VertexElement Elements[nElements];
 DWORD nDWords;
 array DWORD data[nDWords];
}

template XSkinMeshHeader {
 <3cf169ce-ff7c-44ab-93c0-f78f62d172e2>
 WORD nMaxSkinWeightsPerVertex;
 WORD nMaxSkinWeightsPerFace;
 WORD nBones;
}

template SkinWeights {
 <6f0d123b-bad2-4167-a0d0-80224f25fabb>
 STRING transformNodeName;
 DWORD nWeights;
 array DWORD vertexIndices[nWeights];
 array FLOAT weights[nWeights];
 Matrix4x4 matrixOffset;
}

template AnimTicksPerSecond {
 <9e415a43-7ba6-4a73-8743-b73d47e88476>
 DWORD AnimTicksPerSecond;
}

template Animation {
 <3d82ab4f-62da-11cf-ab39-0020af71e433>
 [...]
}

template AnimationSet {
 <3d82ab50-62da-11cf-ab39-0020af71e433>
 [Animation <3d82ab4f-62da-11cf-ab39-0020af71e433>]
}

template FloatKeys {
 <10dd46a9-775b-11cf-8f52-0040333594a3>
 DWORD nValues;
 array FLOAT values[nValues];
}

template TimedFloatKeys {
 <f406b180-7b3b-11cf-8f52-0040333594a3>
 DWORD time;
 FloatKeys tfkeys;
}

template AnimationKey {
 <10dd46a8-775b-11cf-8f52-0040333594a3>
 DWORD keyType;
 DWORD nKeys;
 array TimedFloatKeys keys[nKeys];
}


Material Material__31 {
 0.588000;0.588000;0.588000;1.000000;;
 10.000000;
 0.000000;0.000000;0.000000;;
 0.000000;0.000000;0.000000;;

 TextureFilename {
  "Body.png";
 }
}

Material Material__32 {
 0.588000;0.588000;0.588000;1.000000;;
 10.000000;
 0.000000;0.000000;0.000000;;
 0.000000;0.000000;0.000000;;

 TextureFilename {
  "Face.png";
 }
}

Material Material__44 {
 0.588000;0.588000;0.588000;1.000000;;
 10.000000;
 0.000000;0.000000;0.000000;;
 0.000000;0.000000;0.000000;;

 TextureFilename {
  "Avatar_Theresa_C5_Texture_Hair_Color.png";
 }
}

Frame Avatar_Theresa_C5_GM_Island {
 

 FrameTransformMatrix {
  0.600000,0.000000,0.000000,0.000000,0.000000,-0.000000,-0.600000,0.000000,0.000000,0.600000,-0.000000,0.000000,0.000000,0.000000,0.000000,1.000000;;
 }

 Frame Bip001 {
  

  FrameTransformMatrix {
   -0.502726,0.864437,0.003895,0.000000,-0.047921,-0.032367,0.998327,0.000000,0.863117,0.501698,0.057696,0.000000,0.000000,-0.005304,0.865643,1.000000;;
  }

  Frame Bip001_Pelvis {
   

   FrameTransformMatrix {
    0.000001,1.000000,0.000000,0.000000,-0.000001,-0.000000,1.000000,0.000000,1.000000,-0.000001,0.000001,0.000000,0.000000,0.000000,0.000000,1.000000;;
   }

   Frame Bip001_Spine {
    

    FrameTransformMatrix {
     0.999200,0.039164,-0.008157,0.000000,-0.039172,0.999232,-0.000766,0.000000,0.008121,0.001085,0.999967,0.000000,0.073837,-0.000000,-0.004858,1.000000;;
    }

    Frame Bip001_L_Thigh {
     

     FrameTransformMatrix {
      -0.988564,0.150691,-0.005732,0.000000,-0.150621,-0.988529,-0.011096,0.000000,-0.007338,-0.010106,0.999922,0.000000,-0.071035,0.073903,0.004335,1.000000;;
     }

     Frame Bip001_L_Calf {
      

      FrameTransformMatrix {
       0.997030,0.000000,-0.077013,0.000000,0.000000,1.000000,0.000000,0.000000,0.077013,0.000000,0.997030,0.000000,0.359487,0.000000,0.000000,1.000000;;
      }

      Frame Bip001_L_Foot {
       

       FrameTransformMatrix {
        0.998821,0.025069,0.041565,0.000000,-0.033092,0.978149,0.205255,0.000000,-0.035511,-0.206388,0.977826,0.000000,0.393288,-0.000000,-0.000000,1.000000;;
       }

       Frame Bip001_L_Toe0 {
        

        FrameTransformMatrix {
         -0.000000,0.000002,1.000000,0.000000,-0.147476,0.989066,-0.000002,0.000000,-0.989066,-0.147476,-0.000000,0.000000,0.124677,-0.000000,0.105799,1.000000;;
        }
       }
      }
     }
    }

    Frame Bip001_R_Thigh {
     

     FrameTransformMatrix {
      -0.971951,-0.219002,-0.085732,0.000000,0.235125,-0.913078,-0.333175,0.000000,-0.005314,-0.343988,0.938959,0.000000,-0.076601,-0.068125,0.004181,1.000000;;
     }

     Frame Bip001_R_Calf {
      

      FrameTransformMatrix {
       0.989738,-0.000000,-0.142898,0.000000,0.000000,1.000000,-0.000000,0.000000,0.142898,0.000000,0.989737,0.000000,0.359487,0.000000,0.000000,1.000000;;
      }

      Frame Bip001_R_Foot {
       

       FrameTransformMatrix {
        0.966732,-0.214115,0.139943,0.000000,0.231460,0.965129,-0.122277,0.000000,-0.108882,0.150601,0.982580,0.000000,0.393288,0.000000,-0.000000,1.000000;;
       }

       Frame Bip001_R_Toe0 {
        

        FrameTransformMatrix {
         -0.000001,-0.000001,1.000000,0.000000,0.000000,1.000000,0.000001,0.000000,-1.000000,0.000000,-0.000001,0.000000,0.124677,-0.000000,0.105799,1.000000;;
        }
       }
      }
     }
    }

    Frame Bip001_Spine1 {
     

     FrameTransformMatrix {
      0.986369,0.021946,-0.163078,0.000000,-0.021649,0.999759,0.003597,0.000000,0.163118,-0.000018,0.986607,0.000000,0.066884,0.000000,-0.000070,1.000000;;
     }

     Frame Bip001_Spine2 {
      

      FrameTransformMatrix {
       0.999799,0.000000,-0.020035,0.000000,-0.000000,1.000000,0.000000,0.000000,0.020035,0.000000,0.999799,0.000000,0.088831,0.000000,-0.000096,1.000000;;
      }

      Frame Bip001_Neck {
       

       FrameTransformMatrix {
        0.981904,0.000001,0.189379,0.000000,-0.000001,1.000000,-0.000000,0.000000,-0.189379,0.000000,0.981904,0.000000,0.129009,-0.000000,-0.031187,1.000000;;
       }

       Frame Bip001_Head {
        

        FrameTransformMatrix {
         0.990645,0.000102,0.136465,0.000000,0.054123,0.917695,-0.393583,0.000000,-0.125273,0.397287,0.909104,0.000000,0.077860,-0.000000,0.000000,1.000000;;
        }

        Frame C5_Bones_HairL00 {
         

         FrameTransformMatrix {
          -0.956036,0.261563,-0.132593,0.000000,0.121338,-0.058797,-0.990868,0.000000,-0.266970,-0.963394,0.024475,0.000000,0.063569,0.045600,-0.066125,1.000000;;
         }

         Frame C5_Bones_HairL01 {
          

          FrameTransformMatrix {
           0.994019,0.084868,0.068729,0.000000,-0.077744,0.991904,-0.100415,0.000000,-0.076695,0.094471,0.992569,0.000000,0.128176,-0.000000,0.000000,1.000000;;
          }

          Frame C5_Bones_HairL02 {
           

           FrameTransformMatrix {
            0.988552,-0.150675,-0.007935,0.000000,0.150396,0.988217,-0.028432,0.000000,0.012126,0.026913,0.999564,0.000000,0.113556,0.000000,0.000000,1.000000;;
           }

           Frame C5_Bones_HairL03 {
            

            FrameTransformMatrix {
             0.989020,-0.127575,0.074588,0.000000,0.123547,0.990738,0.056348,0.000000,-0.081086,-0.046514,0.995621,0.000000,0.102668,0.000000,-0.000000,1.000000;;
            }

            Frame C5_Bones_HairL04 {
             

             FrameTransformMatrix {
              0.998110,-0.028213,0.054590,0.000000,0.031646,0.997506,-0.063084,0.000000,-0.052674,0.064692,0.996514,0.000000,0.106838,-0.000000,-0.000000,1.000000;;
             }
            }
           }
          }
         }
        }

        Frame C5_Bones_HairR00 {
         

         FrameTransformMatrix {
          -0.938824,-0.317347,-0.133794,0.000000,0.121337,0.058795,-0.990868,0.000000,0.322316,-0.946485,-0.016692,0.000000,0.063569,-0.045599,-0.066125,1.000000;;
         }

         Frame C5_Bones_HairR01 {
          

          FrameTransformMatrix {
           0.999955,-0.006812,0.006633,0.000000,0.006812,0.999977,0.000045,0.000000,-0.006633,-0.000000,0.999978,0.000000,0.128176,0.000000,-0.000000,1.000000;;
          }

          Frame C5_Bones_HairR02 {
           

           FrameTransformMatrix {
            0.991542,-0.129502,0.008541,0.000000,0.129216,0.991214,0.028255,0.000000,-0.012125,-0.026912,0.999564,0.000000,0.113556,0.000000,-0.000000,1.000000;;
           }

           Frame C5_Bones_HairR03 {
            

            FrameTransformMatrix {
             0.987983,-0.135628,-0.074127,0.000000,0.131586,0.989667,-0.056952,0.000000,0.081085,0.046514,0.995621,0.000000,0.102668,-0.000000,0.000000,1.000000;;
            }

            Frame C5_Bones_HairR04 {
             

             FrameTransformMatrix {
              0.998440,0.021933,-0.051352,0.000000,-0.018535,0.997664,0.065747,0.000000,0.052674,-0.064692,0.996514,0.000000,0.106838,-0.000000,0.000000,1.000000;;
             }
            }
           }
          }
         }
        }

        Frame TouhuaL00 {
         

         FrameTransformMatrix {
          -0.994957,0.086059,0.051532,0.000000,0.051724,0.000000,0.998661,0.000000,0.085943,0.996290,-0.004452,0.000000,0.099222,0.111970,0.031414,1.000000;;
         }
        }

        Frame TouhuaR00 {
         

         FrameTransformMatrix {
          -0.994957,-0.086058,0.051532,0.000000,0.051724,0.000001,0.998661,0.000000,-0.085943,0.996290,0.004450,0.000000,0.099221,-0.111968,0.031414,1.000000;;
         }
        }
       }

       Frame Bip001_L_Clavicle {
        

        FrameTransformMatrix {
         -0.095912,0.994045,-0.051719,0.000000,0.977145,0.084125,-0.195218,0.000000,-0.189705,-0.069261,-0.979395,0.000000,-0.004916,0.027530,0.011313,1.000000;;
        }

        Frame Bip001_L_UpperArm {
         

         FrameTransformMatrix {
          0.255168,-0.733373,-0.630121,0.000000,0.176881,0.676103,-0.715261,0.000000,0.950580,0.071055,0.302240,0.000000,0.071454,0.000000,0.000000,1.000000;;
         }

         Frame Bip001_L_Forearm {
          

          FrameTransformMatrix {
           -0.271189,-0.000000,-0.962526,0.000000,0.000000,1.000000,0.000000,0.000000,0.962526,0.000000,-0.271189,0.000000,0.208660,0.000000,-0.000000,1.000000;;
          }

          Frame Bip001_L_Hand {
           

           FrameTransformMatrix {
            0.865976,-0.269659,-0.421153,0.000000,0.343691,-0.290830,0.892913,0.000000,-0.363266,-0.917988,-0.159173,0.000000,0.189937,0.000000,0.000000,1.000000;;
           }

           Frame Bip001_L_Finger0 {
            

            FrameTransformMatrix {
             0.594835,-0.268710,0.757606,0.000000,0.802089,0.136086,-0.581493,0.000000,0.053153,0.953560,0.296478,0.000000,0.040908,-0.017537,0.014450,1.000000;;
            }

            Frame Bip001_L_Finger01 {
             

             FrameTransformMatrix {
              0.994502,0.000000,0.104714,0.000000,-0.000000,1.000000,0.000000,0.000000,-0.104714,-0.000000,0.994502,0.000000,0.026840,0.000000,0.000000,1.000000;;
             }

             Frame Bip001_L_Finger02 {
              

              FrameTransformMatrix {
               0.997189,0.000000,0.074928,0.000000,-0.000000,1.000000,-0.000000,0.000000,-0.074928,0.000000,0.997189,0.000000,0.028734,-0.000000,0.000000,1.000000;;
              }
             }
            }
           }

           Frame Bip001_L_Finger1 {
            

            FrameTransformMatrix {
             0.791301,0.029706,0.610705,0.000000,0.046404,0.993020,-0.108429,0.000000,-0.609664,0.114139,0.784399,0.000000,0.089228,-0.015889,0.002487,1.000000;;
            }

            Frame Bip001_L_Finger11 {
             

             FrameTransformMatrix {
              0.758172,0.000000,0.652055,0.000000,-0.000000,1.000000,-0.000000,0.000000,-0.652055,0.000000,0.758172,0.000000,0.034741,0.000000,0.000000,1.000000;;
             }

             Frame Bip001_L_Finger12 {
              

              FrameTransformMatrix {
               0.999649,-0.000000,-0.026482,0.000000,0.000000,1.000000,0.000000,0.000000,0.026482,-0.000000,0.999649,0.000000,0.020690,-0.000000,-0.000000,1.000000;;
              }
             }
            }
           }

           Frame Bip001_L_Finger2 {
            

            FrameTransformMatrix {
             0.655817,0.148104,0.740250,0.000000,-0.166659,0.984777,-0.049377,0.000000,-0.736294,-0.090986,0.670516,0.000000,0.091408,0.001262,-0.000007,1.000000;;
            }

            Frame Bip001_L_Finger21 {
             

             FrameTransformMatrix {
              0.812109,-0.000000,0.583506,0.000000,0.000000,1.000000,0.000000,0.000000,-0.583506,-0.000000,0.812109,0.000000,0.035351,-0.000000,0.000000,1.000000;;
             }

             Frame Bip001_L_Finger22 {
              

              FrameTransformMatrix {
               0.903964,0.000000,0.427609,0.000000,-0.000000,1.000000,0.000000,0.000000,-0.427609,-0.000000,0.903964,0.000000,0.023959,-0.000000,0.000000,1.000000;;
              }
             }
            }
           }

           Frame Bip001_L_Finger3 {
            

            FrameTransformMatrix {
             0.690815,-0.006565,0.723002,0.000000,-0.066960,0.995081,0.073014,0.000000,-0.719925,-0.098851,0.686977,0.000000,0.086800,0.020341,0.003480,1.000000;;
            }

            Frame Bip001_L_Finger31 {
             

             FrameTransformMatrix {
              0.773235,0.000000,0.634120,0.000000,-0.000000,1.000000,-0.000000,0.000000,-0.634120,-0.000000,0.773235,0.000000,0.035739,-0.000000,0.000000,1.000000;;
             }

             Frame Bip001_L_Finger32 {
              

              FrameTransformMatrix {
               0.923745,0.000000,0.383008,0.000000,0.000000,1.000000,-0.000000,0.000000,-0.383008,-0.000000,0.923745,0.000000,0.022684,0.000000,0.000000,1.000000;;
              }
             }
            }
           }

           Frame Bip001_L_Finger4 {
            

            FrameTransformMatrix {
             0.794646,0.154820,0.587000,0.000000,-0.340310,0.914325,0.219541,0.000000,-0.502719,-0.374220,0.779251,0.000000,0.079173,0.033631,0.010759,1.000000;;
            }

            Frame Bip001_L_Finger41 {
             

             FrameTransformMatrix {
              0.792028,0.000000,0.610485,0.000000,-0.000000,1.000000,-0.000000,0.000000,-0.610485,0.000000,0.792028,0.000000,0.024385,0.000000,-0.000000,1.000000;;
             }

             Frame Bip001_L_Finger42 {
              

              FrameTransformMatrix {
               0.856416,-0.000000,0.516287,0.000000,0.000000,1.000000,-0.000000,0.000000,-0.516287,0.000000,0.856416,0.000000,0.014702,0.000000,0.000000,1.000000;;
              }
             }
            }
           }
          }
         }
        }
       }

       Frame Bip001_R_Clavicle {
        

        FrameTransformMatrix {
         -0.161777,-0.976614,0.141610,0.000000,-0.968559,0.184623,0.166759,0.000000,-0.189004,-0.110179,-0.975776,0.000000,-0.004916,-0.027530,0.011313,1.000000;;
        }

        Frame Bip001_R_UpperArm {
         

         FrameTransformMatrix {
          0.263106,0.840803,-0.473102,0.000000,-0.220904,0.529855,0.818813,0.000000,0.939136,-0.110925,0.325144,0.000000,0.071454,0.000000,0.000000,1.000000;;
         }

         Frame Bip001_R_Forearm {
          

          FrameTransformMatrix {
           -0.390780,0.000000,-0.920484,0.000000,-0.000000,1.000000,0.000000,0.000000,0.920484,0.000000,-0.390780,0.000000,0.208660,0.000000,0.000000,1.000000;;
          }

          Frame Bip001_R_Hand {
           

           FrameTransformMatrix {
            0.978166,-0.043130,-0.203299,0.000000,-0.200296,0.065261,-0.977559,0.000000,0.055430,0.996936,0.055197,0.000000,0.189937,0.000000,-0.000000,1.000000;;
           }

           Frame Bip001_R_Finger0 {
            

            FrameTransformMatrix {
             0.504762,0.679616,0.532295,0.000000,-0.862976,0.381446,0.331320,0.000000,0.022128,-0.626595,0.779032,0.000000,0.040908,0.017537,0.014450,1.000000;;
            }

            Frame Bip001_R_Finger01 {
             

             FrameTransformMatrix {
              0.979430,0.000000,0.201787,0.000000,-0.000000,1.000000,0.000000,0.000000,-0.201787,0.000000,0.979430,0.000000,0.026840,-0.000000,0.000000,1.000000;;
             }

             Frame Bip001_R_Finger02 {
              

              FrameTransformMatrix {
               0.892301,-0.000000,0.451441,0.000000,0.000000,1.000000,-0.000000,0.000000,-0.451441,0.000000,0.892301,0.000000,0.028734,0.000000,0.000000,1.000000;;
              }
             }
            }
           }

           Frame Bip001_R_Finger1 {
            

            FrameTransformMatrix {
             0.525811,-0.015522,0.850460,0.000000,0.183187,0.978438,-0.095401,0.000000,-0.830641,0.205956,0.517317,0.000000,0.089228,0.015889,0.002487,1.000000;;
            }

            Frame Bip001_R_Finger11 {
             

             FrameTransformMatrix {
              0.688607,-0.000000,0.725135,0.000000,-0.000000,1.000000,0.000000,0.000000,-0.725135,-0.000000,0.688607,0.000000,0.034741,-0.000000,0.000000,1.000000;;
             }

             Frame Bip001_R_Finger12 {
              

              FrameTransformMatrix {
               0.953850,0.000000,0.300284,0.000000,0.000000,1.000000,-0.000000,0.000000,-0.300284,0.000000,0.953850,0.000000,0.020690,-0.000000,-0.000000,1.000000;;
              }
             }
            }
           }

           Frame Bip001_R_Finger2 {
            

            FrameTransformMatrix {
             0.443067,-0.058730,0.894563,0.000000,0.138089,0.990414,-0.003371,0.000000,-0.885789,0.125023,0.446930,0.000000,0.091408,-0.001262,-0.000007,1.000000;;
            }

            Frame Bip001_R_Finger21 {
             

             FrameTransformMatrix {
              0.571888,-0.000000,0.820332,0.000000,-0.000000,1.000000,0.000000,0.000000,-0.820331,-0.000000,0.571888,0.000000,0.035351,-0.000000,0.000000,1.000000;;
             }

             Frame Bip001_R_Finger22 {
              

              FrameTransformMatrix {
               0.960495,0.000000,0.278298,0.000000,-0.000000,1.000000,-0.000000,0.000000,-0.278298,0.000000,0.960495,0.000000,0.023959,-0.000000,0.000000,1.000000;;
              }
             }
            }
           }

           Frame Bip001_R_Finger3 {
            

            FrameTransformMatrix {
             0.380972,0.028696,0.924142,0.000000,0.276456,0.950256,-0.143474,0.000000,-0.882288,0.310144,0.354088,0.000000,0.086800,-0.020341,0.003480,1.000000;;
            }

            Frame Bip001_R_Finger31 {
             

             FrameTransformMatrix {
              0.603860,-0.000000,0.797090,0.000000,0.000000,1.000000,0.000000,0.000000,-0.797090,0.000000,0.603860,0.000000,0.035739,-0.000000,0.000000,1.000000;;
             }

             Frame Bip001_R_Finger32 {
              

              FrameTransformMatrix {
               0.974998,-0.000000,0.222216,0.000000,0.000000,1.000000,-0.000000,0.000000,-0.222216,0.000000,0.974997,0.000000,0.022684,0.000000,-0.000000,1.000000;;
              }
             }
            }
           }

           Frame Bip001_R_Finger4 {
            

            FrameTransformMatrix {
             0.505855,0.046421,0.861368,0.000000,0.334686,0.909766,-0.245580,0.000000,-0.795044,0.412516,0.444674,0.000000,0.079173,-0.033631,0.010759,1.000000;;
            }

            Frame Bip001_R_Finger41 {
             

             FrameTransformMatrix {
              0.698686,-0.000000,0.715429,0.000000,-0.000000,1.000000,0.000000,0.000000,-0.715429,-0.000000,0.698686,0.000000,0.024385,0.000000,0.000000,1.000000;;
             }

             Frame Bip001_R_Finger42 {
              

              FrameTransformMatrix {
               0.964032,0.000000,0.265787,0.000000,-0.000000,1.000000,-0.000000,0.000000,-0.265787,0.000000,0.964032,0.000000,0.014702,0.000000,0.000000,1.000000;;
              }
             }
            }
           }
          }
         }
        }
       }
      }

      Frame Bone100 {
       

       FrameTransformMatrix {
        -0.851440,0.000000,0.524452,0.000000,0.000000,-1.000000,0.000000,0.000000,0.524452,0.000001,0.851440,0.000000,0.142000,0.000000,0.021914,1.000000;;
       }
      }
     }
    }
   }

   Frame BoneC5_DressB07 {
    

    FrameTransformMatrix {
     -0.688011,-0.000000,-0.725700,0.000000,0.725700,0.000002,-0.688011,0.000000,0.000002,-1.000000,-0.000002,0.000000,0.061600,0.000000,-0.072188,1.000000;;
    }

    Frame BoneC5_DressB44 {
     

     FrameTransformMatrix {
      0.999933,-0.011611,0.000000,0.000000,0.011611,0.999933,-0.000000,0.000000,-0.000000,0.000000,1.000000,0.000000,0.114200,-0.000000,0.000000,1.000000;;
     }

     Frame BoneC5_DressB46 {
      

      FrameTransformMatrix {
       0.975253,-0.221092,0.000002,0.000000,0.221092,0.975253,0.000000,0.000000,-0.000002,0.000000,1.000000,0.000000,0.123816,-0.000001,0.000000,1.000000;;
      }

      Frame BoneC5_DressB37 {
       

       FrameTransformMatrix {
        0.999777,-0.021128,0.000000,0.000000,0.021128,0.999777,0.000000,0.000000,0.000000,-0.000000,1.000000,0.000000,0.190205,-0.000000,-0.000000,1.000000;;
       }
      }

      Frame BoneC5_DressB64 {
       

       FrameTransformMatrix {
        0.819043,0.573733,0.000000,0.000000,-0.573733,0.819043,0.000000,0.000000,0.000000,-0.000000,1.000000,0.000000,0.000001,0.000002,-0.000000,1.000000;;
       }
      }
     }
    }

    Frame C5_Bones_DressA03 {
     

     FrameTransformMatrix {
      0.942533,0.334113,0.000000,0.000000,-0.334113,0.942533,-0.000000,0.000000,-0.000001,0.000000,1.000000,0.000000,-0.000000,0.000000,-0.000000,1.000000;;
     }
    }
   }

   Frame BoneC5_DressB10 {
    

    FrameTransformMatrix {
     -0.717743,-0.417255,-0.557443,0.000000,0.691723,-0.335555,-0.639470,0.000000,0.079769,-0.844571,0.529468,0.000000,0.064894,-0.066811,-0.058793,1.000000;;
    }

    Frame BoneC5_DressB38 {
     

     FrameTransformMatrix {
      0.999917,-0.007892,-0.010157,0.000000,0.007783,0.999912,-0.010761,0.000000,0.010241,0.010681,0.999891,0.000000,0.115066,-0.000000,-0.000000,1.000000;;
     }

     Frame BoneC5_DressB16 {
      

      FrameTransformMatrix {
       0.985925,-0.148197,0.077397,0.000000,0.139257,0.984087,0.110365,0.000000,-0.092521,-0.098033,0.990872,0.000000,0.140663,0.000000,-0.000000,1.000000;;
      }

      Frame BoneC5_DressB32 {
       

       FrameTransformMatrix {
        0.999067,0.027851,-0.032994,0.000000,-0.029300,0.998588,-0.044299,0.000000,0.031713,0.045225,0.998473,0.000000,0.196641,0.000000,0.000000,1.000000;;
       }
      }

      Frame BoneC5_DressB52 {
       

       FrameTransformMatrix {
        0.841631,0.490542,-0.225888,0.000000,-0.521045,0.847560,-0.100773,0.000000,0.142020,0.202512,0.968927,0.000000,-0.000000,0.000000,0.000000,1.000000;;
       }
      }
     }
    }

    Frame C5_Bones_DressA04 {
     

     FrameTransformMatrix {
      0.948841,0.290184,0.124473,0.000000,-0.300014,0.951446,0.068865,0.000000,-0.098445,-0.102686,0.989830,0.000000,-0.002967,-0.000456,0.016796,1.000000;;
     }
    }
   }

   Frame BoneC5_DressB15 {
    

    FrameTransformMatrix {
     -0.708848,-0.620927,-0.334640,0.000000,0.702446,-0.578326,-0.414860,0.000000,0.064067,-0.529139,0.846113,0.000000,0.073499,-0.111464,-0.010056,1.000000;;
    }

    Frame BoneC5_DressB27 {
     

     FrameTransformMatrix {
      0.996692,-0.075130,0.030996,0.000000,0.073905,0.996505,0.038925,0.000000,-0.033812,-0.036506,0.998761,0.000000,0.130965,0.000000,0.000000,1.000000;;
     }

     Frame BoneC5_DressB08 {
      

      FrameTransformMatrix {
       0.993193,0.037391,0.110313,0.000000,-0.051344,0.990638,0.126492,0.000000,-0.104551,-0.131295,0.985815,0.000000,0.144612,-0.000000,0.000000,1.000000;;
      }

      Frame BoneC5_DressB28 {
       

       FrameTransformMatrix {
        0.985358,-0.157005,-0.066471,0.000000,0.149539,0.983123,-0.105392,0.000000,0.081896,0.093909,0.992207,0.000000,0.210863,0.000000,0.000000,1.000000;;
       }
      }

      Frame BoneC5_DressB63 {
       

       FrameTransformMatrix {
        0.939494,0.306056,-0.153886,0.000000,-0.321844,0.942459,-0.090492,0.000000,0.117336,0.134544,0.983936,0.000000,-0.006726,-0.001869,-0.023487,1.000000;;
       }
      }
     }
    }

    Frame C5_Bones_DressA05 {
     

     FrameTransformMatrix {
      0.956824,0.229381,0.178528,0.000000,-0.252024,0.960697,0.116382,0.000000,-0.144816,-0.156350,0.977027,0.000000,-0.002189,-0.004558,0.012299,1.000000;;
     }
    }
   }

   Frame BoneC5_DressB20 {
    

    FrameTransformMatrix {
     -0.810789,0.583568,-0.045488,0.000000,0.583917,0.800960,-0.132301,0.000000,-0.040773,-0.133830,-0.990165,0.000000,0.067497,0.114980,0.036694,1.000000;;
    }

    Frame BoneC5_DressB48 {
     

     FrameTransformMatrix {
      0.991068,-0.122323,-0.053116,0.000000,0.118041,0.989987,-0.077409,0.000000,0.062053,0.070448,0.995584,0.000000,0.130609,0.000000,-0.000000,1.000000;;
     }

     Frame BoneC5_DressB21 {
      

      FrameTransformMatrix {
       0.992248,0.111277,-0.055329,0.000000,-0.114731,0.991349,-0.063747,0.000000,0.047757,0.069601,0.996431,0.000000,0.143638,0.000000,-0.000000,1.000000;;
      }

      Frame BoneC5_DressB29 {
       

       FrameTransformMatrix {
        0.993348,-0.044314,-0.106272,0.000000,0.030064,0.990776,-0.132129,0.000000,0.111147,0.128055,0.985519,0.000000,0.216346,0.000000,-0.000000,1.000000;;
       }
      }

      Frame BoneC5_DressB51 {
       

       FrameTransformMatrix {
        0.840143,0.163897,-0.517009,0.000000,-0.367613,0.872956,-0.320638,0.000000,0.398774,0.459440,0.793658,0.000000,-0.007883,-0.012571,-0.038268,1.000000;;
       }
      }
     }
    }

    Frame C5_Bones_DressA00 {
     

     FrameTransformMatrix {
      0.882595,-0.111635,-0.456688,0.000000,-0.269803,0.675241,-0.686480,0.000000,0.385010,0.729100,0.565845,0.000000,0.000000,-0.000000,0.000000,1.000000;;
     }
    }
   }

   Frame BoneC5_DressB23 {
    

    FrameTransformMatrix {
     -0.687813,-0.724643,-0.042494,0.000000,0.722778,-0.678279,-0.132401,0.000000,0.067120,-0.121781,0.990285,0.000000,0.067497,-0.114977,0.036694,1.000000;;
    }

    Frame BoneC5_DressB43 {
     

     FrameTransformMatrix {
      0.991068,-0.122323,0.053116,0.000000,0.118041,0.989987,0.077409,0.000000,-0.062053,-0.070448,0.995584,0.000000,0.130609,-0.000000,0.000000,1.000000;;
     }

     Frame BoneC5_DressB25 {
      

      FrameTransformMatrix {
       0.992248,0.111278,0.055328,0.000000,-0.114731,0.991349,0.063746,0.000000,-0.047756,-0.069600,0.996431,0.000000,0.143638,0.000000,0.000000,1.000000;;
      }

      Frame BoneC5_DressB17 {
       

       FrameTransformMatrix {
        0.993349,-0.044315,0.106272,0.000000,0.030064,0.990777,0.132126,0.000000,-0.111147,-0.128053,0.985520,0.000000,0.216346,-0.000000,0.000000,1.000000;;
       }
      }

      Frame BoneC5_DressB53 {
       

       FrameTransformMatrix {
        0.940498,0.330150,-0.080407,0.000000,-0.332375,0.943017,-0.015667,0.000000,0.070653,0.041460,0.996638,0.000000,-0.002108,0.001498,-0.061407,1.000000;;
       }
      }

      Frame BoneC5_DressB59 {
       

       FrameTransformMatrix {
        0.840143,0.163898,0.517009,0.000000,-0.367613,0.872955,0.320636,0.000000,-0.398774,-0.459439,0.793658,0.000000,-0.007884,-0.012572,0.038268,1.000000;;
       }
      }
     }
    }

    Frame C5_Bones_DressA06 {
     

     FrameTransformMatrix {
      0.882595,-0.111635,0.456688,0.000000,-0.269803,0.675241,0.686481,0.000000,-0.385009,-0.729100,0.565845,0.000000,0.000000,0.000000,0.000000,1.000000;;
     }
    }
   }

   Frame BoneC5_DressB30 {
    

    FrameTransformMatrix {
     -0.766283,0.542293,-0.344571,0.000000,0.642501,0.648298,-0.408535,0.000000,0.001839,-0.534441,-0.845204,0.000000,0.073498,0.111460,-0.010055,1.000000;;
    }

    Frame BoneC5_DressB13 {
     

     FrameTransformMatrix {
      0.996692,-0.075129,-0.030996,0.000000,0.073905,0.996505,-0.038925,0.000000,0.033812,0.036505,0.998761,0.000000,0.130965,-0.000000,0.000000,1.000000;;
     }

     Frame BoneC5_DressB24 {
      

      FrameTransformMatrix {
       0.993193,0.037392,-0.110314,0.000000,-0.051346,0.990638,-0.126492,0.000000,0.104552,0.131295,0.985815,0.000000,0.144612,-0.000000,-0.000000,1.000000;;
      }

      Frame BoneC5_DressB22 {
       

       FrameTransformMatrix {
        0.985358,-0.157007,0.066471,0.000000,0.149541,0.983123,0.105391,0.000000,-0.081897,-0.093908,0.992207,0.000000,0.210863,0.000000,0.000000,1.000000;;
       }
      }

      Frame BoneC5_DressB55 {
       

       FrameTransformMatrix {
        0.918045,0.301291,-0.257715,0.000000,-0.351028,0.919855,-0.175059,0.000000,0.184317,0.251177,0.950230,0.000000,0.006024,-0.009321,-0.065920,1.000000;;
       }
      }

      Frame BoneC5_DressB56 {
       

       FrameTransformMatrix {
        0.939494,0.306056,0.153887,0.000000,-0.321843,0.942458,0.090491,0.000000,-0.117337,-0.134543,0.983935,0.000000,-0.006723,-0.001865,0.023485,1.000000;;
       }
      }
     }
    }

    Frame C5_Bones_DressA01 {
     

     FrameTransformMatrix {
      0.956824,0.229380,-0.178527,0.000000,-0.252023,0.960698,-0.116380,0.000000,0.144815,0.156348,0.977028,0.000000,-0.002189,-0.004557,-0.012299,1.000000;;
     }
    }
   }

   Frame BoneC5_DressB31 {
    

    FrameTransformMatrix {
     -0.721853,0.366009,-0.587338,0.000000,0.692046,0.381775,-0.612633,0.000000,0.000001,-0.848696,-0.528881,0.000000,0.064894,0.066810,-0.058792,1.000000;;
    }

    Frame BoneC5_DressB50 {
     

     FrameTransformMatrix {
      0.999917,-0.007892,0.010156,0.000000,0.007783,0.999912,0.010761,0.000000,-0.010240,-0.010681,0.999891,0.000000,0.115066,-0.000000,0.000000,1.000000;;
     }

     Frame BoneC5_DressB40 {
      

      FrameTransformMatrix {
       0.985924,-0.148197,-0.077399,0.000000,0.139257,0.984087,-0.110365,0.000000,0.092523,0.098033,0.990873,0.000000,0.140663,-0.000000,0.000000,1.000000;;
      }

      Frame BoneC5_DressB00 {
       

       FrameTransformMatrix {
        0.841631,0.490542,0.225888,0.000000,-0.521045,0.847560,0.100773,0.000000,-0.142020,-0.202512,0.968927,0.000000,0.000000,0.000001,-0.000001,1.000000;;
       }
      }

      Frame BoneC5_DressB33 {
       

       FrameTransformMatrix {
        0.999067,0.027852,0.032994,0.000000,-0.029302,0.998589,0.044299,0.000000,-0.031714,-0.045224,0.998472,0.000000,0.196641,0.000000,0.000000,1.000000;;
       }
      }
     }
    }

    Frame C5_Bones_DressA02 {
     

     FrameTransformMatrix {
      0.948841,0.290184,-0.124474,0.000000,-0.300015,0.951446,-0.068865,0.000000,0.098446,0.102686,0.989830,0.000000,-0.002965,-0.000453,-0.016800,1.000000;;
     }
    }
   }

   Frame BoneC5_DressB35 {
    

    FrameTransformMatrix {
     -0.860978,0.465884,0.204131,0.000000,0.461885,0.548028,0.697372,0.000000,0.213025,0.694707,-0.687024,0.000000,0.056631,0.084260,0.075491,1.000000;;
    }

    Frame BoneC5_DressB36 {
     

     FrameTransformMatrix {
      0.986814,-0.028965,-0.159247,0.000000,0.014229,0.995573,-0.092906,0.000000,0.161233,0.089415,0.982857,0.000000,0.114522,-0.000000,-0.000000,1.000000;;
     }

     Frame BoneC5_DressB41 {
      

      FrameTransformMatrix {
       0.996429,0.039423,-0.074666,0.000000,-0.038842,0.999203,0.009217,0.000000,0.074970,-0.006284,0.997166,0.000000,0.133881,0.000000,0.000000,1.000000;;
      }

      Frame BoneC5_DressB42 {
       

       FrameTransformMatrix {
        0.998605,0.049109,0.019424,0.000000,-0.044605,0.981226,-0.187634,0.000000,-0.028274,0.186506,0.982047,0.000000,0.211204,0.000000,-0.000000,1.000000;;
       }
      }

      Frame BoneC5_DressB61 {
       

       FrameTransformMatrix {
        0.951445,0.296765,-0.081746,0.000000,-0.298846,0.954195,-0.014238,0.000000,0.073776,0.037976,0.996552,0.000000,-0.006175,-0.003971,-0.039321,1.000000;;
       }
      }
     }
    }

    Frame C5_Bones_DressA08 {
     

     FrameTransformMatrix {
      0.898514,0.136482,-0.417187,0.000000,-0.307075,0.874585,-0.375242,0.000000,0.313651,0.465268,0.827737,0.000000,-0.003033,-0.010276,-0.031318,1.000000;;
     }
    }
   }

   Frame BoneC5_DressB39 {
    

    FrameTransformMatrix {
     -0.838189,-0.516294,0.175726,0.000000,0.469277,-0.518592,0.714732,0.000000,-0.277882,0.681545,0.676963,0.000000,0.056632,-0.084263,0.075490,1.000000;;
    }

    Frame BoneC5_DressB14 {
     

     FrameTransformMatrix {
      0.986814,-0.028966,0.159247,0.000000,0.014230,0.995573,0.092906,0.000000,-0.161234,-0.089415,0.982857,0.000000,0.114522,-0.000000,0.000000,1.000000;;
     }

     Frame BoneC5_DressB18 {
      

      FrameTransformMatrix {
       0.996429,0.039421,0.074668,0.000000,-0.038840,0.999203,-0.009217,0.000000,-0.074971,0.006284,0.997166,0.000000,0.133881,0.000000,-0.000000,1.000000;;
      }

      Frame BoneC5_DressB19 {
       

       FrameTransformMatrix {
        0.998605,0.049109,-0.019424,0.000000,-0.044605,0.981226,0.187634,0.000000,0.028274,-0.186506,0.982047,0.000000,0.211204,0.000000,0.000000,1.000000;;
       }
      }

      Frame BoneC5_DressB60 {
       

       FrameTransformMatrix {
        0.951445,0.296765,0.081747,0.000000,-0.298846,0.954195,0.014237,0.000000,-0.073777,-0.037975,0.996550,0.000000,-0.006176,-0.003973,0.039323,1.000000;;
       }
      }
     }
    }

    Frame C5_Bones_DressA07 {
     

     FrameTransformMatrix {
      0.898515,0.136482,0.417185,0.000000,-0.307074,0.874585,0.375243,0.000000,-0.313649,-0.465268,0.827738,0.000000,-0.003035,-0.010278,0.031320,1.000000;;
     }
    }
   }
  }
 }

 Frame Body {
  

  FrameTransformMatrix {
   1.003937,0.000000,0.000000,0.000000,0.000000,1.003937,0.000000,0.000000,0.000000,-0.000000,1.003937,0.000000,0.000000,0.000000,0.000000,1.000000;;
  }

  Mesh Body {
   11482;
   -0.063554;0.022107;0.589666;,
   -0.073507;0.017670;0.581930;,
   -0.066341;0.020438;0.592839;,
   -0.072276;0.018623;0.579060;,
   -0.063402;0.022978;0.602085;,
   -0.073838;0.016993;0.579105;,
   -0.069409;0.018112;0.570882;,
   -0.071195;0.015064;0.570634;,
   -0.066205;0.017981;0.567722;,
   -0.069409;0.018112;0.570882;,
   -0.062955;0.010129;0.566544;,
   -0.066205;0.017981;0.567722;,
   -0.067207;0.013849;0.572206;,
   -0.072276;0.018623;0.579060;,
   -0.069592;0.014631;0.579450;,
   -0.070190;0.017209;0.558180;,
   -0.062955;0.010129;0.566544;,
   -0.067159;0.009448;0.555533;,
   -0.066205;0.017981;0.567722;,
   -0.070581;0.016403;0.555093;,
   -0.074626;0.019201;0.554909;,
   -0.074626;0.014901;0.542542;,
   -0.072257;0.013615;0.541857;,
   -0.073073;0.012415;0.536961;,
   -0.069629;0.008345;0.540557;,
   -0.071685;0.007321;0.533160;,
   -0.074626;0.010902;0.533057;,
   -0.074626;0.014901;0.542542;,
   -0.074626;0.005654;0.526866;,
   -0.078670;0.016403;0.555093;,
   -0.076994;0.013615;0.541857;,
   -0.076179;0.012415;0.536961;,
   -0.079622;0.008345;0.540557;,
   -0.077567;0.007321;0.533160;,
   -0.074626;0.005654;0.526866;,
   -0.079061;0.017209;0.558180;,
   -0.082092;0.009448;0.555533;,
   -0.086297;0.010129;0.566544;,
   -0.083046;0.017981;0.567722;,
   -0.063181;0.023961;0.614693;,
   -0.070862;0.024544;0.598736;,
   -0.065377;0.027107;0.614481;,
   -0.068097;0.018447;0.595099;,
   -0.074626;0.024056;0.593075;,
   -0.071106;0.017542;0.589318;,
   -0.062763;0.025932;0.620912;,
   -0.063867;0.027883;0.620574;,
   -0.063132;0.028543;0.626441;,
   -0.074626;0.016418;0.584876;,
   -0.081154;0.018447;0.595099;,
   -0.078389;0.024544;0.598736;,
   -0.086070;0.023961;0.614693;,
   -0.083874;0.027107;0.614481;,
   -0.078145;0.017542;0.589318;,
   -0.086488;0.025932;0.620912;,
   -0.085385;0.027883;0.620574;,
   -0.086120;0.028543;0.626441;,
   -0.074626;0.016418;0.584876;,
   -0.063867;0.027883;0.620574;,
   -0.068313;0.024820;0.614911;,
   -0.065430;0.026799;0.621147;,
   -0.065377;0.027107;0.614481;,
   -0.063132;0.028543;0.626441;,
   -0.074626;0.021465;0.603704;,
   -0.070862;0.024544;0.598736;,
   -0.074626;0.024056;0.593075;,
   -0.078389;0.024544;0.598736;,
   -0.083874;0.027107;0.614481;,
   -0.080938;0.024820;0.614911;,
   -0.085385;0.027883;0.620574;,
   -0.083821;0.026799;0.621147;,
   -0.086120;0.028543;0.626441;,
   -0.059381;0.014347;0.587152;,
   -0.072276;0.018623;0.579060;,
   -0.063554;0.022107;0.589666;,
   -0.069592;0.014631;0.579450;,
   -0.059696;0.018700;0.596077;,
   -0.063402;0.022978;0.602085;,
   -0.066205;0.017981;0.567722;,
   -0.074626;0.013415;0.562813;,
   -0.071195;0.015064;0.570634;,
   -0.070190;0.017209;0.558180;,
   -0.074626;0.019201;0.554909;,
   -0.079061;0.017209;0.558180;,
   -0.083046;0.017981;0.567722;,
   -0.078056;0.015064;0.570634;,
   -0.075744;0.017670;0.581930;,
   -0.085697;0.022107;0.589666;,
   -0.082911;0.020438;0.592839;,
   -0.076976;0.018623;0.579060;,
   -0.085849;0.022978;0.602085;,
   -0.075413;0.016993;0.579105;,
   -0.079843;0.018112;0.570882;,
   -0.078056;0.015064;0.570634;,
   -0.083046;0.017981;0.567722;,
   -0.079843;0.018112;0.570882;,
   -0.086297;0.010129;0.566544;,
   -0.082044;0.013849;0.572206;,
   -0.083046;0.017981;0.567722;,
   -0.076976;0.018623;0.579060;,
   -0.079659;0.014631;0.579450;,
   -0.079659;0.014631;0.579450;,
   -0.085697;0.022107;0.589666;,
   -0.076976;0.018623;0.579060;,
   -0.089871;0.014347;0.587152;,
   -0.089555;0.018700;0.596077;,
   -0.085849;0.022978;0.602085;,
   -0.149818;0.117429;0.787573;,
   -0.144129;0.128663;0.775201;,
   -0.150830;0.117180;0.780973;,
   -0.145614;0.124462;0.770734;,
   -0.165164;0.117486;0.778848;,
   -0.162165;0.115668;0.773603;,
   -0.150830;0.117180;0.780973;,
   -0.145614;0.124462;0.770734;,
   -0.157437;0.127762;0.775297;,
   -0.162165;0.115668;0.773603;,
   -0.176942;0.127624;0.759369;,
   -0.151314;0.141242;0.754926;,
   -0.145614;0.124462;0.770734;,
   -0.141372;0.135781;0.754233;,
   -0.177912;0.116365;0.760567;,
   -0.162165;0.115668;0.773603;,
   -0.138883;0.150090;0.729342;,
   -0.142807;0.143464;0.747282;,
   -0.129780;0.145768;0.740463;,
   -0.152623;0.147665;0.738054;,
   -0.153194;0.153310;0.716813;,
   -0.165122;0.151793;0.728719;,
   -0.167573;0.154774;0.706683;,
   -0.182059;0.156612;0.721696;,
   -0.184884;0.154136;0.697813;,
   -0.192126;0.141727;0.710939;,
   -0.185175;0.141138;0.732195;,
   -0.195798;0.130672;0.724199;,
   -0.184884;0.154136;0.697813;,
   -0.185915;0.129975;0.743825;,
   -0.197378;0.119008;0.739483;,
   -0.185218;0.120929;0.754634;,
   -0.195710;0.110736;0.751893;,
   -0.171714;0.147053;0.752071;,
   -0.151314;0.141242;0.754926;,
   -0.160086;0.148471;0.743724;,
   -0.176368;0.149951;0.734106;,
   -0.163862;0.135652;0.762418;,
   -0.157437;0.127762;0.775297;,
   -0.181159;0.137274;0.747377;,
   -0.176942;0.127624;0.759369;,
   -0.160086;0.148471;0.743724;,
   -0.142807;0.143464;0.747282;,
   -0.152623;0.147665;0.738054;,
   -0.165122;0.151793;0.728719;,
   -0.151314;0.141242;0.754926;,
   -0.176368;0.149951;0.734106;,
   -0.179877;0.152847;0.722741;,
   -0.185175;0.141138;0.732195;,
   -0.181159;0.137274;0.747377;,
   -0.185915;0.129975;0.743825;,
   -0.185218;0.120929;0.754634;,
   -0.176942;0.127624;0.759369;,
   -0.144129;0.128663;0.775201;,
   -0.149818;0.117429;0.787573;,
   -0.143059;0.118790;0.782231;,
   -0.146800;0.112740;0.790610;,
   -0.139357;0.124770;0.773832;,
   -0.155873;0.111982;0.784453;,
