xof 0303txt 0032
template ColorRGBA {
 <35ff44e0-6c7c-11cf-8f52-0040333594a3>
 FLOAT red;
 FLOAT green;
 FLOAT blue;
 FLOAT alpha;
}

template ColorRGB {
 <d3e16e81-7835-11cf-8f52-0040333594a3>
 FLOAT red;
 FLOAT green;
 FLOAT blue;
}

template Material {
 <3d82ab4d-62da-11cf-ab39-0020af71e433>
 ColorRGBA faceColor;
 FLOAT power;
 ColorRGB specularColor;
 ColorRGB emissiveColor;
 [...]
}

template TextureFilename {
 <a42790e1-7810-11cf-8f52-0040333594a3>
 STRING filename;
}

template Frame {
 <3d82ab46-62da-11cf-ab39-0020af71e433>
 [...]
}

template Matrix4x4 {
 <f6f23f45-7686-11cf-8f52-0040333594a3>
 array FLOAT matrix[16];
}

template FrameTransformMatrix {
 <f6f23f41-7686-11cf-8f52-0040333594a3>
 Matrix4x4 frameMatrix;
}

template Vector {
 <3d82ab5e-62da-11cf-ab39-0020af71e433>
 FLOAT x;
 FLOAT y;
 FLOAT z;
}

template MeshFace {
 <3d82ab5f-62da-11cf-ab39-0020af71e433>
 DWORD nFaceVertexIndices;
 array DWORD faceVertexIndices[nFaceVertexIndices];
}

template Mesh {
 <3d82ab44-62da-11cf-ab39-0020af71e433>
 DWORD nVertices;
 array Vector vertices[nVertices];
 DWORD nFaces;
 array MeshFace faces[nFaces];
 [...]
}

template MeshNormals {
 <f6f23f43-7686-11cf-8f52-0040333594a3>
 DWORD nNormals;
 array Vector normals[nNormals];
 DWORD nFaceNormals;
 array MeshFace faceNormals[nFaceNormals];
}

template MeshMaterialList {
 <f6f23f42-7686-11cf-8f52-0040333594a3>
 DWORD nMaterials;
 DWORD nFaceIndexes;
 array DWORD faceIndexes[nFaceIndexes];
 [Material <3d82ab4d-62da-11cf-ab39-0020af71e433>]
}

template Coords2d {
 <f6f23f44-7686-11cf-8f52-0040333594a3>
 FLOAT u;
 FLOAT v;
}

template MeshTextureCoords {
 <f6f23f40-7686-11cf-8f52-0040333594a3>
 DWORD nTextureCoords;
 array Coords2d textureCoords[nTextureCoords];
}

template XSkinMeshHeader {
 <3cf169ce-ff7c-44ab-93c0-f78f62d172e2>
 WORD nMaxSkinWeightsPerVertex;
 WORD nMaxSkinWeightsPerFace;
 WORD nBones;
}

template SkinWeights {
 <6f0d123b-bad2-4167-a0d0-80224f25fabb>
 STRING transformNodeName;
 DWORD nWeights;
 array DWORD vertexIndices[nWeights];
 array FLOAT weights[nWeights];
 Matrix4x4 matrixOffset;
}

template AnimTicksPerSecond {
 <9e415a43-7ba6-4a73-8743-b73d47e88476>
 DWORD AnimTicksPerSecond;
}

template Animation {
 <3d82ab4f-62da-11cf-ab39-0020af71e433>
 [...]
}

template AnimationSet {
 <3d82ab50-62da-11cf-ab39-0020af71e433>
 [Animation <3d82ab4f-62da-11cf-ab39-0020af71e433>]
}

template FloatKeys {
 <10dd46a9-775b-11cf-8f52-0040333594a3>
 DWORD nValues;
 array FLOAT values[nValues];
}

template TimedFloatKeys {
 <f406b180-7b3b-11cf-8f52-0040333594a3>
 DWORD time;
 FloatKeys tfkeys;
}

template AnimationKey {
 <10dd46a8-775b-11cf-8f52-0040333594a3>
 DWORD keyType;
 DWORD nKeys;
 array TimedFloatKeys keys[nKeys];
}


Material Monster_BOSS_010_Material_Body {
 1.000000;1.000000;1.000000;1.000000;;
 0.000000;
 0.000000;0.000000;0.000000;;
 0.000000;0.000000;0.000000;;

 TextureFilename {
  "Boss_010_Color.png";
 }
}

Frame Ganesha {
 

 FrameTransformMatrix {
  0.393701,0.000000,0.000000,0.000000,0.000000,-0.000000,-0.393701,0.000000,0.000000,0.393701,-0.000000,0.000000,0.000000,0.000000,0.000000,1.000000;;
 }

 Frame Bip001 {
  

  FrameTransformMatrix {
   0.000001,0.542938,-0.839773,0.000000,0.000000,0.839773,0.542938,0.000000,1.000000,-0.000001,0.000001,0.000000,0.000000,-0.956099,0.667061,1.000000;;
  }

  Frame Bip001_Pelvis {
   

   FrameTransformMatrix {
    -0.000000,1.000000,0.000000,0.000000,-0.000001,-0.000000,1.000000,0.000000,1.000000,0.000000,0.000001,0.000000,0.000000,0.000000,0.000000,1.000000;;
   }

   Frame Bip001_Spine {
    

    FrameTransformMatrix {
     0.975893,-0.031600,-0.215951,0.000000,0.030834,0.999501,-0.006917,0.000000,0.216061,0.000091,0.976380,0.000000,0.232726,-0.000012,0.140308,1.000000;;
    }

    Frame Bip001_L_Thigh {
     

     FrameTransformMatrix {
      -0.711612,0.117835,-0.692621,0.000000,0.216873,0.974533,-0.057024,0.000000,0.668262,-0.190790,-0.719045,0.000000,-0.208297,0.513529,-0.188137,1.000000;;
     }

     Frame Bip001_L_Calf {
      

      FrameTransformMatrix {
       0.822133,0.000000,-0.569295,0.000000,-0.000000,1.000000,0.000000,0.000000,0.569295,0.000000,0.822134,0.000000,0.587537,-0.000000,-0.000000,1.000000;;
      }

      Frame Bip001_L_Foot {
       

       FrameTransformMatrix {
        0.787831,-0.462190,0.407066,0.000000,-0.463876,-0.880070,-0.101466,0.000000,0.405143,-0.108891,-0.907745,0.000000,0.353488,0.000000,0.000000,1.000000;;
       }
      }
     }

     Frame Bone009 {
      

      FrameTransformMatrix {
       0.647919,-0.022350,0.761381,0.000000,-0.504403,0.736416,0.450853,0.000000,-0.570770,-0.676159,0.465865,0.000000,-0.236985,0.274757,0.007089,1.000000;;
      }

      Frame Bone012 {
       

       FrameTransformMatrix {
        0.999467,-0.031149,-0.009785,0.000000,0.027605,0.966235,-0.256180,0.000000,0.017434,0.255773,0.966579,0.000000,-0.006580,-0.036159,-0.020542,1.000000;;
       }
      }
     }
    }

    Frame Bip001_R_Thigh {
     

     FrameTransformMatrix {
      -0.912043,-0.222744,-0.344330,0.000000,-0.306966,0.927570,0.213040,0.000000,0.271937,0.299999,-0.914358,0.000000,-0.190528,-0.508359,-0.188203,1.000000;;
     }

     Frame Bip001_R_Calf {
      

      FrameTransformMatrix {
       -0.292962,0.000000,-0.956124,0.000000,-0.000000,1.000000,0.000000,0.000000,0.956124,-0.000000,-0.292962,0.000000,0.587538,0.000000,0.000000,1.000000;;
      }

      Frame Bip001_R_Foot {
       

       FrameTransformMatrix {
        0.693042,0.337721,0.636897,0.000000,0.123296,-0.925989,0.356851,0.000000,0.710276,-0.168786,-0.683389,0.000000,0.353488,-0.000000,-0.000000,1.000000;;
       }
      }
     }

     Frame Bone007 {
      

      FrameTransformMatrix {
       0.647919,0.022353,0.761381,0.000000,-0.504402,-0.736416,0.450855,0.000000,0.570771,-0.676160,-0.465863,0.000000,-0.236107,-0.267938,0.007397,1.000000;;
      }

      Frame Bone008 {
       

       FrameTransformMatrix {
        0.999467,-0.031149,0.009785,0.000000,0.027605,0.966235,0.256180,0.000000,-0.017434,-0.255774,0.966580,0.000000,-0.006580,-0.036159,0.020542,1.000000;;
       }
      }
     }
    }

    Frame Bip001_Spine1 {
     

     FrameTransformMatrix {
      0.988048,0.018324,0.153054,0.000000,-0.018110,0.999832,-0.002791,0.000000,-0.153079,-0.000015,0.988214,0.000000,0.426461,0.000000,-0.000403,1.000000;;
     }

     Frame Bip001_Spine2 {
      

      FrameTransformMatrix {
       0.978888,0.004615,0.204345,0.000000,-0.004518,0.999989,-0.000939,0.000000,-0.204347,-0.000004,0.978899,0.000000,0.511551,0.000000,-0.000399,1.000000;;
      }

      Frame Bip001_Spine3 {
       

       FrameTransformMatrix {
        0.925027,-0.050045,0.376590,0.000000,0.046366,0.998747,0.018834,0.000000,-0.377061,0.000040,0.926188,0.000000,0.512030,-0.000000,-0.000437,1.000000;;
       }

       Frame Bip001_Neck {
        

        FrameTransformMatrix {
         0.949061,0.000001,0.315092,0.000000,-0.000001,1.000000,-0.000000,0.000000,-0.315092,-0.000000,0.949061,0.000000,0.316819,-0.000001,-0.427563,1.000000;;
        }

        Frame Bip001_Head {
         

         FrameTransformMatrix {
          0.985469,0.065686,-0.156642,0.000000,-0.062522,0.997729,0.025046,0.000000,0.157932,-0.014888,0.987338,0.000000,0.351247,0.000000,0.056823,1.000000;;
         }

         Frame Bone013 {
          

          FrameTransformMatrix {
           0.966918,0.007278,0.254984,0.000000,0.255087,-0.031124,-0.966417,0.000000,0.000902,0.999489,-0.031951,0.000000,0.122886,-0.113697,1.199004,1.000000;;
          }
         }

         Frame Bone014 {
          

          FrameTransformMatrix {
           0.966918,-0.007279,0.254984,0.000000,0.255087,0.031194,-0.966415,0.000000,-0.000920,0.999487,0.032019,0.000000,0.122885,0.113716,1.199004,1.000000;;
          }
         }

         Frame Bone016 {
          

          FrameTransformMatrix {
           0.550702,-0.000003,-0.834702,0.000000,-0.000004,-1.000000,0.000001,0.000000,-0.834702,0.000003,-0.550702,0.000000,0.741058,-0.000000,0.622050,1.000000;;
          }
         }

         Frame Bone017 {
          

          FrameTransformMatrix {
           0.564747,-0.000002,-0.825265,0.000000,0.000006,-1.000000,0.000007,0.000000,-0.825264,-0.000009,-0.564747,0.000000,1.142874,-0.000003,0.878093,1.000000;;
          }
         }
        }

        Frame Bip001_L_Clavicle {
         

         FrameTransformMatrix {
          -0.164045,0.979183,-0.119545,0.000000,0.935998,0.116246,-0.332257,0.000000,-0.311444,-0.166399,-0.935582,0.000000,-0.261937,0.446463,0.838827,1.000000;;
         }

         Frame Bip001_L_UpperArm {
          

          FrameTransformMatrix {
           0.635731,-0.081024,-0.767646,0.000000,0.489780,0.810990,0.320016,0.000000,0.596625,-0.579422,0.555256,0.000000,0.483407,0.000000,0.000000,1.000000;;
          }

          Frame Bip001_L_Forearm {
           

           FrameTransformMatrix {
            0.329742,0.000000,-0.944071,0.000000,0.000000,1.000000,0.000000,0.000000,0.944071,-0.000000,0.329742,0.000000,0.693115,-0.000000,-0.000000,1.000000;;
           }

           Frame Bip001_L_Hand {
            

            FrameTransformMatrix {
             0.897350,-0.350368,0.268337,0.000000,0.283728,0.923738,0.257306,0.000000,-0.338025,-0.154759,0.928326,0.000000,0.600747,0.000000,0.000000,1.000000;;
            }

            Frame Bip001_L_Finger0 {
             

             FrameTransformMatrix {
              0.262853,0.117039,-0.957711,0.000000,-0.010249,0.992898,0.118526,0.000000,0.964781,-0.021339,0.262186,0.000000,0.238596,-0.091660,-0.210025,1.000000;;
             }
            }

            Frame Bip001_L_Finger1 {
             

             FrameTransformMatrix {
              0.226115,-0.693629,0.683923,0.000000,0.077645,0.712708,0.697151,0.000000,-0.971001,-0.104533,0.215011,0.000000,0.140175,-0.291111,0.209035,1.000000;;
             }
            }

            Frame Bip001_L_Finger2 {
             

             FrameTransformMatrix {
              0.084025,0.992674,0.086821,0.000000,-0.099316,-0.078353,0.991966,0.000000,0.991502,-0.091973,0.092005,0.000000,0.180677,0.100017,0.006346,1.000000;;
             }
            }
           }
          }
         }

         Frame Bone004 {
          

          FrameTransformMatrix {
           0.810195,-0.271718,0.519378,0.000000,0.546034,0.027656,-0.837307,0.000000,0.213147,0.961979,0.170774,0.000000,0.353056,-0.243028,0.314622,1.000000;;
          }

          Frame Bone003 {
           

           FrameTransformMatrix {
            0.778527,0.594613,-0.200824,0.000000,-0.586564,0.803174,0.104180,0.000000,0.223244,0.036690,0.974072,0.000000,-0.001001,-0.014989,0.108093,1.000000;;
           }
          }
         }
        }

        Frame Bip001_R_Clavicle {
         

         FrameTransformMatrix {
          0.185297,-0.982432,0.022184,0.000000,-0.930890,-0.168254,0.324245,0.000000,-0.314816,-0.080733,-0.945713,0.000000,-0.253656,-0.449391,0.838829,1.000000;;
         }

         Frame Bip001_R_UpperArm {
          

          FrameTransformMatrix {
           0.633953,-0.352090,-0.688575,0.000000,-0.449972,0.556208,-0.698683,0.000000,0.628990,0.752772,0.194179,0.000000,0.483407,-0.000000,0.000000,1.000000;;
          }

          Frame Bip001_R_Forearm {
           

           FrameTransformMatrix {
            0.578727,0.000000,-0.815521,0.000000,-0.000000,1.000000,0.000000,0.000000,0.815521,-0.000000,0.578727,0.000000,0.693115,-0.000000,0.000000,1.000000;;
           }

           Frame Bip001_R_Hand {
            

            FrameTransformMatrix {
             0.659151,0.614687,0.433220,0.000000,-0.427509,0.780231,-0.456592,0.000000,-0.618673,0.115758,0.777074,0.000000,0.600747,-0.000000,-0.000000,1.000000;;
            }

            Frame Bip001_R_Finger0 {
             

             FrameTransformMatrix {
              0.262853,-0.117039,-0.957711,0.000000,0.010249,0.992898,-0.118526,0.000000,0.964782,0.021339,0.262186,0.000000,0.238596,0.091661,-0.210026,1.000000;;
             }
            }

            Frame Bip001_R_Finger1 {
             

             FrameTransformMatrix {
              0.226115,0.693629,0.683923,0.000000,-0.077645,0.712707,-0.697151,0.000000,-0.971001,0.104533,0.215011,0.000000,0.140175,0.291111,0.209035,1.000000;;
             }
            }

            Frame Bip001_R_Finger2 {
             

             FrameTransformMatrix {
              0.084025,-0.992674,0.086821,0.000000,0.099316,-0.078353,-0.991966,0.000000,0.991502,0.091973,0.092005,0.000000,0.180677,-0.100017,0.006346,1.000000;;
             }
            }
           }
          }
         }

         Frame Bone001 {
          

          FrameTransformMatrix {
           0.810193,0.271719,0.519380,0.000000,0.546036,-0.027655,-0.837305,0.000000,-0.213148,0.961979,-0.170774,0.000000,0.351861,0.243171,0.314986,1.000000;;
          }

          Frame Bone002 {
           

           FrameTransformMatrix {
            0.778527,0.594613,0.200825,0.000000,-0.586564,0.803174,-0.104180,0.000000,-0.223244,-0.036690,0.974072,0.000000,-0.001002,-0.014989,-0.108093,1.000000;;
           }
          }
         }
        }
       }
      }

      Frame Bone015 {
       

       FrameTransformMatrix {
        0.907770,-0.024178,0.418772,0.000000,-0.418894,0.000001,0.908035,0.000000,-0.021954,-0.999708,-0.010127,0.000000,-0.254345,0.000001,0.670994,1.000000;;
       }
      }
     }

     Frame Bone005 {
      

      FrameTransformMatrix {
       -0.362286,-0.447937,-0.817374,0.000000,-0.367224,-0.737419,0.566886,0.000000,-0.856677,0.505535,0.102663,0.000000,0.145361,-0.497014,0.018104,1.000000;;
      }

      Frame Bone006 {
       

       FrameTransformMatrix {
        0.983113,0.172292,-0.061690,0.000000,-0.171837,0.985044,0.012639,0.000000,0.062945,-0.001825,0.998015,0.000000,-0.197114,0.160093,0.021776,1.000000;;
       }
      }
     }

     Frame Bone010 {
      

      FrameTransformMatrix {
       -0.362287,0.447935,-0.817375,0.000000,-0.367224,0.737420,0.566884,0.000000,0.856677,0.505535,-0.102665,0.000000,0.145361,0.503897,0.018103,1.000000;;
      }

      Frame Bone011 {
       

       FrameTransformMatrix {
        0.983113,0.172292,0.061690,0.000000,-0.171837,0.985044,-0.012639,0.000000,-0.062945,0.001825,0.998015,0.000000,-0.197114,0.160093,-0.021776,1.000000;;
       }
      }
     }
    }
   }
  }

  Frame Boss_010_Roll {
   

   FrameTransformMatrix {
    0.000000,0.000000,0.001100,0.000000,0.000597,0.000924,-0.000000,0.000000,-0.000924,0.000597,0.000000,0.000000,-0.008976,0.003944,0.000000,1.000000;;
   }

   Mesh Boss_010_Roll {
    7252;
    0.013950;-0.229829;-0.364652;,
    -0.028515;0.012835;-0.158307;,
    0.001647;-0.015930;-0.181507;,
    -0.059219;-0.015181;-0.187450;,
    -0.005674;-0.212454;-0.333455;,
    0.013950;-0.229829;-0.364652;,
    0.001647;-0.015930;-0.181507;,
    0.013260;-0.854219;-1.092167;,
    -0.003770;-0.823566;-1.070064;,
    0.039531;-0.820815;-1.082398;,
    0.022101;-0.070964;-0.224587;,
    -0.005674;-0.212454;-0.333455;,
    0.001647;-0.015930;-0.181507;,
    0.274282;0.379855;-0.751116;,
    0.337470;0.524122;-0.741994;,
    0.203785;0.137715;-0.745730;,
    -0.003770;-0.823566;-1.070064;,
    0.037091;-0.817429;-1.055760;,
    0.039531;-0.820815;-1.082398;,
    -0.059219;-0.015181;-0.187450;,
    0.013950;-0.229829;-0.364652;,
    -0.005674;-0.212454;-0.333455;,
    -0.111490;-0.821804;-1.083170;,
    -0.068406;-0.825476;-1.070347;,
    -0.086052;-0.855060;-1.092646;,
    -0.059219;-0.015181;-0.187450;,
    -0.005674;-0.212454;-0.333455;,
    -0.080718;-0.068681;-0.236875;,
    -0.252800;0.149242;-0.756557;,
    -0.377528;0.562216;-0.776264;,
    -0.316843;0.411468;-0.784392;,
    -0.111490;-0.821804;-1.083170;,
    -0.109213;-0.819095;-1.057111;,
    -0.068406;-0.825476;-1.070347;,
    -0.738202;0.409808;0.134552;,
    -0.822838;0.253703;0.234829;,
    -0.776775;0.304140;0.206126;,
    -0.540226;0.074889;0.345488;,
    -0.603718;0.095654;0.400271;,
    -0.591425;0.184645;0.381906;,
    -0.708117;-0.052363;0.535126;,
    -0.695600;0.039671;0.491545;,
    -0.596115;-0.028112;0.476137;,
    -0.478299;-0.042611;0.609250;,
    -0.545616;-0.133693;0.646447;,
    -0.388162;-0.189582;0.707345;,
    -0.764575;-0.073049;0.592198;,
    -0.770896;-0.001584;0.574654;,
    -0.798765;-0.086976;0.639159;,
    -0.669354;-0.141976;0.624684;,
    -0.590998;-0.149527;0.719828;,
    -0.685671;-0.149867;0.775079;,
    -0.775720;-0.084598;0.764776;,
    -0.738267;-0.129912;0.648819;,
    -0.540226;0.074889;0.345488;,
    -0.478299;-0.042611;0.609250;,
    -0.603718;0.095654;0.400271;,
    -0.267426;-0.598406;1.316838;,
    -0.271241;-0.652189;1.286380;,
    -0.242202;-0.520211;1.305181;,
    -0.305472;-0.573055;1.332784;,
    -0.324564;-0.373985;1.324091;,
    -0.246091;-0.065476;-1.036409;,
    -0.253540;0.217228;-1.200882;,
    -0.347446;0.314533;-1.275119;,
    -0.242202;-0.520211;1.305181;,
    -0.298110;-0.529342;1.355096;,
    -0.267426;-0.598406;1.316838;,
    -0.742661;1.343380;-0.940254;,
    -0.376856;0.629277;-0.860851;,
    -0.592867;0.952969;-0.822225;,
    -0.474095;1.260709;0.141770;,
    -0.340535;1.304817;0.122551;,
    -0.437171;1.528668;0.338000;,
    -0.236006;0.799876;1.362741;,
    -0.244858;0.800949;0.857070;,
    -0.140586;0.917235;1.278923;,
    -0.474095;1.260709;0.141770;,
    -0.437171;1.528668;0.338000;,
    -0.504436;1.534736;0.227996;,
    -0.675291;1.549454;0.392400;,
    -0.474095;1.260709;0.141770;,
    -0.559827;1.557058;0.191418;,
    -1.176774;-0.315840;-0.408012;,
    -1.161084;-0.395172;-0.471562;,
    -1.080059;-0.461142;-0.498885;,
    -0.694322;0.320400;0.169667;,
    -1.076109;0.236796;0.125710;,
    -0.975767;0.150928;0.064898;,
    -0.646336;0.338472;0.013929;,
    -0.694322;0.320400;0.169667;,
    -0.975767;0.150928;0.064898;,
    -0.839982;0.190047;0.094433;,
    -0.646336;0.338472;0.013929;,
    -0.975767;0.150928;0.064898;,
    -0.376842;0.869831;0.655722;,
    -0.439783;0.735785;0.730000;,
    -0.402682;0.821507;0.726451;,
    0.601581;0.187123;0.404484;,
    0.606503;0.097113;0.426113;,
    0.554995;0.076381;0.353461;,
    0.606503;0.097113;0.426113;,
    0.487051;-0.037426;0.619309;,
    0.554995;0.076381;0.353461;,
    0.225185;-0.506210;1.309245;,
    0.268901;-0.646879;1.288636;,
    0.263125;-0.592947;1.319066;,
    0.299392;-0.368998;1.339786;,
    0.300363;-0.566946;1.334921;,
    0.643963;0.688560;-0.147104;,
    0.735183;0.782287;0.139146;,
    0.693247;0.629458;0.039409;,
    0.305281;0.306918;-1.270055;,
    0.207544;0.211466;-1.193166;,
    0.191290;-0.069071;-1.030746;,
    0.263125;-0.592947;1.319066;,
    0.277914;-0.522758;1.366957;,
    0.225185;-0.506210;1.309245;,
    0.299392;-0.368998;1.339786;,
    0.277914;-0.522758;1.366957;,
    0.263125;-0.592947;1.319066;,
    0.594495;0.974563;-0.112577;,
    0.679842;1.045841;0.152405;,
    0.535239;0.897877;-0.356396;,
    0.565905;0.929295;-0.816055;,
    0.337085;0.606645;-0.849580;,
    0.727590;1.322511;-0.933750;,
    0.448436;1.541956;0.309181;,
    0.348291;1.317072;0.097951;,
    0.483300;1.277039;0.109522;,
    0.097293;0.922297;1.287627;,
    0.221821;0.803255;0.869385;,
    0.186819;0.804107;1.374765;,
    0.510269;1.549749;0.196611;,
    0.448436;1.541956;0.309181;,
    0.483300;1.277039;0.109522;,
    0.562578;1.574919;0.157887;,
    0.483300;1.277039;0.109522;,
    0.686968;1.572335;0.352536;,
    0.067950;-0.584949;1.496101;,
    0.093979;-0.603188;1.280560;,
    0.135378;-0.666519;1.481880;,
    1.112285;-0.437561;-0.546612;,
    1.193310;-0.371591;-0.519290;,
    1.209000;-0.292259;-0.455740;,
    1.007993;0.179955;0.007333;,
    0.720425;0.327989;0.130189;,
    0.668206;0.347263;0.002455;,
    0.854017;0.286180;0.179323;,
    0.681073;0.486829;0.083793;,
    0.763658;0.433780;0.088813;,
    0.713878;0.591317;0.429157;,
    0.708366;0.566017;0.416251;,
    0.742069;0.533707;0.415139;,
    1.007993;0.179955;0.007333;,
    0.668206;0.347263;0.002455;,
    0.871777;0.220969;0.040209;,
    0.806775;0.336270;0.151704;,
    0.854017;0.286180;0.179323;,
    0.763658;0.433780;0.088813;,
    0.742069;0.533707;0.415139;,
    0.708366;0.566017;0.416251;,
    0.778537;0.491338;0.373156;,
    0.384621;0.821493;0.749454;,
    0.421182;0.734052;0.755975;,
    0.361704;0.869979;0.678569;,
    -0.246091;-0.637401;0.788142;,
    -0.253540;-0.954679;0.708720;,
    -0.347446;-1.076182;0.694012;,
    -0.742661;-1.579583;-0.263719;,
    -0.376856;-1.012617;0.177638;,
    -0.592867;-1.217552;-0.075877;,
    -0.474095;-0.765417;-0.981175;,
    -0.340535;-0.810424;-0.998182;,
    -0.437171;-0.820463;-1.308709;,
    -0.236006;0.416602;-1.534321;,
    -0.244858;0.063019;-1.172818;,
    -0.140586;0.274047;-1.556158;,
    -0.474095;-0.765417;-0.981175;,
    -0.437171;-0.820463;-1.308709;,
    -0.504436;-0.901562;-1.234138;,
    -0.675291;-0.797399;-1.362182;,
    -0.474095;-0.765417;-0.981175;,
    -0.559827;-0.943074;-1.223508;,
    0.305281;-1.067193;0.695696;,
    0.207544;-0.945168;0.707213;,
    0.191290;-0.630874;0.786594;,
    0.565905;-1.196288;-0.063780;,
    0.337084;-0.988539;0.185354;,
    0.727590;-1.560096;-0.253818;,
    0.448436;-0.850090;-1.297334;,
    0.348291;-0.836367;-0.989110;,
    0.483300;-0.799615;-0.969468;,
    0.097293;0.276495;-1.565925;,
    0.221821;0.069959;-1.183250;,
    0.186819;0.421960;-1.545886;,
    0.510269;-0.934215;-1.222130;,
    0.448436;-0.850090;-1.297334;,
    0.483300;-0.799615;-0.969468;,
    0.562578;-0.979264;-1.211950;,
    0.483300;-0.799615;-0.969468;,
    0.686968;-0.841604;-1.349589;,
    0.366446;0.666585;-0.710766;,
    0.340369;0.390553;-0.808774;,
    0.337085;0.606645;-0.849580;,
    0.412706;0.543188;-0.719852;,
    0.354584;0.251048;-0.756744;,
    0.484741;0.456035;-0.675829;,
    0.433793;0.658531;-0.483451;,
    0.445208;0.603550;-0.526999;,
    0.523512;0.556823;-0.500838;,
    0.515790;0.424117;-0.274878;,
    0.546254;0.493060;-0.144954;,
    0.470658;0.583072;-0.167097;,
    0.574397;0.538926;0.069118;,
    0.628495;0.463457;0.046133;,
    0.657614;0.409546;0.022523;,
    0.607903;0.386109;-0.141186;,
    0.535117;0.299654;-0.186308;,
    0.668206;0.347263;0.002455;,
    0.628767;0.235935;-0.134314;,
    0.597169;0.087757;-0.134319;,
    0.503806;0.145898;-0.132030;,
    0.443798;-0.013444;-0.070136;,
    0.520990;-0.047432;-0.112948;,
    0.669396;0.252539;0.006906;,
    0.720425;0.327989;0.130189;,
    0.617709;0.124632;0.016317;,
    0.529457;0.000157;0.006427;,
    0.367078;-0.122927;-0.037903;,
    0.357730;-0.149097;-0.179145;,
    0.646006;0.244887;0.209669;,
    0.726353;0.351608;0.242672;,
    0.609065;0.117655;0.187317;,
    0.512386;-0.007736;0.148304;,
    0.554995;0.076381;0.353461;,
    0.601581;0.187123;0.404484;,
    0.606065;0.282021;0.481538;,
    0.721448;0.400262;0.312185;,
    0.618723;0.357597;0.533199;,
    0.568339;0.145923;0.669298;,
    0.695688;0.502194;0.389596;,
    0.459607;-0.022358;0.296916;,
    0.487051;-0.037426;0.619309;,
    0.546942;0.191615;0.819276;,
    0.499201;-0.050183;0.752213;,
    0.606223;0.435860;0.542903;,
    0.708366;0.566017;0.416251;,
    0.713878;0.591317;0.429157;,
    0.715774;0.621444;0.653824;,
    0.516902;0.428323;0.739699;,
    0.475130;-0.114165;1.047208;,
    0.442962;-0.171836;0.793010;,
    0.435620;-0.379062;1.132425;,
    0.502053;0.253156;0.884735;,
    0.448185;-0.084293;1.127722;,
    0.425728;0.326799;1.000001;,
    0.539996;0.667382;0.611919;,
    0.384665;-0.007208;1.220539;,
    0.411899;-0.386855;1.198047;,
    0.413722;-0.324660;0.936317;,
    0.381689;-0.504463;0.980255;,
    0.399335;-0.297262;0.835600;,
    0.391422;-0.180402;0.722181;,
    0.343056;-0.370963;0.828149;,
    0.325893;-0.516321;0.820811;,
    0.375590;-0.632057;0.879549;,
    0.376659;-0.622656;1.172625;,
    0.401698;-0.597366;1.109994;,
    0.386908;-0.650999;0.996298;,
    0.407456;-0.700137;1.053091;,
    0.377631;-0.639567;0.954511;,
    0.382994;-0.763807;1.106713;,
    0.414770;-0.836887;0.913909;,
    0.413853;-0.774449;0.827572;,
    0.412120;-0.788969;0.968226;,
    0.354178;-0.577907;1.272831;,
    0.355773;-0.697669;1.223425;,
    0.353384;-0.383991;1.299659;,
    0.300363;-0.566946;1.334921;,
    0.299392;-0.368998;1.339786;,
    0.285922;0.102787;1.172471;,
    0.366213;-0.822707;1.146871;,
    0.376112;-0.842807;1.091518;,
    0.310702;-0.631686;1.292530;,
    0.295519;-0.676999;1.275062;,
    0.351685;0.330869;1.002031;,
    0.294307;0.347332;0.994312;,
    0.421182;0.734052;0.755975;,
    0.454318;0.631598;0.774702;,
    0.448517;0.758784;0.718539;,
    0.361704;0.869979;0.678569;,
    0.483765;0.690440;0.681053;,
    0.500720;0.954092;0.450489;,
    0.426901;1.025100;0.521667;,
    0.538233;0.869282;0.379312;,
    0.558456;0.828996;0.347235;,
    0.594495;0.974563;-0.112577;,
    0.551545;1.069037;0.250099;,
    0.651048;1.174022;0.027349;,
    0.535239;0.897877;-0.356396;,
    0.017709;-0.263974;-0.234777;,
    -0.147106;-0.213233;-0.298258;,
    0.013950;-0.227431;-0.359352;,
    -0.150378;-0.233331;-0.205356;,
    -0.318112;-0.141622;-0.174848;,
    -0.323138;-0.140997;-0.150556;,
    -0.333298;-0.119284;-0.020822;,
    -0.487243;-0.039780;-0.064035;,
    -0.151838;-0.219293;-0.057914;,
    0.016129;-0.261465;-0.080115;,
    -0.150237;-0.182613;0.127287;,
    0.012119;-0.213807;0.115138;,
    -0.130592;-0.158727;0.285800;,
    0.008454;-0.183547;0.274349;,
    0.003984;-0.161271;0.351393;,
    -0.494159;0.002716;0.040491;,
    -0.567225;0.096474;-0.076544;,
    -0.321189;-0.102179;0.147481;,
    -0.119263;-0.134368;0.354054;,
    0.004351;-0.128397;0.425332;,
    -0.485333;-0.007188;0.158389;,
    -0.289676;-0.100032;0.291503;,
    -0.088841;-0.126297;0.468663;,
    0.008290;-0.130907;0.449054;,
    -0.441034;-0.023170;0.298942;,
    -0.257640;-0.105063;0.372347;,
    -0.585769;0.114441;0.191479;,
    -0.586120;0.124565;0.050456;,
    -0.540226;0.074889;0.345488;,
    -0.478299;-0.042611;0.609250;,
    -0.385336;-0.082725;0.517959;,
    -0.388162;-0.189582;0.707345;,
    -0.206492;-0.134287;0.539649;,
    -0.626727;0.239911;0.210169;,
    -0.591425;0.184645;0.381906;,
    -0.641948;0.249276;0.038293;,
    -0.602556;0.221777;-0.103272;,
    -0.312564;-0.157183;0.607254;,
    -0.083074;-0.135471;0.496277;,
    -0.699966;0.337748;0.280905;,
    -0.600261;0.274692;0.468699;,
    -0.694322;0.320400;0.169667;,
    -0.646336;0.338472;0.013929;,
    -0.694655;0.385471;0.357619;,
    -0.616279;0.350185;0.514482;,
    -0.666607;0.476526;0.420716;,
    -0.576035;0.140924;0.650766;,
    -0.178282;-0.163764;0.560055;,
    -0.585963;0.368474;-0.111909;,
    -0.632796;0.393215;0.051400;,
    -0.607139;0.427502;0.541203;,
    -0.680837;0.539666;0.439901;,
    -0.686899;0.564549;0.452494;,
    -0.702771;0.603872;0.659977;,
    -0.557526;0.177698;0.814735;,
    -0.505029;-0.056897;0.734955;,
    -0.524774;0.416395;0.740140;,
    -0.490679;-0.133322;1.042155;,
    -0.447011;-0.179685;0.774449;,
    -0.443868;-0.393230;1.118596;,
    -0.517646;0.235370;0.895888;,
    -0.467961;-0.100010;1.112747;,
    -0.447376;0.315438;0.992030;,
    -0.536199;0.656357;0.602251;,
    -0.411213;-0.020197;1.204834;,
    -0.423195;-0.396783;1.184281;,
    -0.414784;-0.339414;0.925339;,
    -0.375177;-0.509519;0.981443;,
    -0.396924;-0.306207;0.821637;,
    -0.388162;-0.189582;0.707345;,
    -0.332932;-0.379284;0.821544;,
    -0.309939;-0.519827;0.832468;,
    -0.359585;-0.633578;0.889781;,
    -0.375723;-0.628645;1.170949;,
    -0.398891;-0.603049;1.107990;,
    -0.374648;-0.654042;1.003377;,
    -0.396099;-0.702892;1.059120;,
    -0.364664;-0.642408;0.961370;,
    -0.372410;-0.766987;1.110768;,
    -0.399528;-0.838008;0.923068;,
    -0.399297;-0.787015;0.971922;,
    -0.397677;-0.774480;0.836025;,
    -0.357262;-0.584508;1.270436;,
    -0.355681;-0.704026;1.221488;,
    -0.369181;-0.386360;1.285701;,
    -0.305472;-0.573055;1.332784;,
    -0.324564;-0.373985;1.324091;,
    -0.313711;0.095906;1.159190;,
    -0.356100;-0.825302;1.149590;,
    -0.365098;-0.844999;1.094499;,
    -0.321316;-0.645876;1.283483;,
    -0.296963;-0.682855;1.273081;,
    -0.378203;0.322655;0.990979;,
    -0.320915;0.341278;0.978570;,
    -0.439783;0.735785;0.730000;,
    -0.466001;0.628263;0.755052;,
    -0.460132;0.755806;0.700000;,
    -0.376842;0.869831;0.655722;,
    -0.493558;0.687276;0.660726;,
    -0.502875;0.949865;0.438552;,
    -0.431514;1.020353;0.511308;,
    -0.537455;0.859333;0.363681;,
    -0.556369;0.817141;0.329938;,
    -0.585940;0.955103;-0.076051;,
    -0.549241;1.060505;0.251535;,
    -0.642778;1.155914;0.068295;,
    -0.533317;0.883455;-0.321279;,
    0.165435;-0.212790;-0.304321;,
    0.185637;-0.244036;-0.218264;,
    0.318960;-0.164603;-0.209501;,
    0.184690;-0.220732;-0.071591;,
    0.175292;-0.183852;0.114834;,
    0.347411;-0.103830;0.139360;,
    0.148517;-0.160187;0.275181;,
    0.308992;-0.100914;0.284555;,
    0.128208;-0.135624;0.344538;,
    0.266187;-0.105890;0.371791;,
    0.097198;-0.125268;0.455756;,
    0.398201;-0.081937;0.516949;,
    0.391422;-0.180402;0.722181;,
    0.213087;-0.134368;0.534552;,
    0.099432;-0.134337;0.483796;,
    0.316660;-0.150531;0.616067;,
    0.081126;-0.230206;0.389541;,
    0.008949;-0.240726;0.345087;,
    0.008244;-0.372939;0.144289;,
    0.193773;-0.162567;0.552502;,
    0.279131;-0.228688;0.647725;,
    0.343056;-0.370963;0.828149;,
    0.254436;-0.295924;0.481575;,
    0.325893;-0.516321;0.820811;,
    0.324050;-0.347552;0.533864;,
    0.317931;-0.412858;0.327544;,
    0.078301;-0.357587;0.177259;,
    0.008234;-0.606519;0.002431;,
    0.176966;-0.248495;0.441402;,
    0.247451;-0.384684;0.303935;,
    0.328025;-0.600418;0.178431;,
    0.163154;-0.364810;0.244266;,
    0.082680;-0.584628;0.019676;,
    0.008227;-0.797103;-0.029833;,
    0.176344;-0.577241;0.073692;,
    0.186821;-0.739529;0.019369;,
    0.080139;-0.772145;-0.014635;,
    0.008220;-0.995781;0.021140;,
    0.081877;-0.960601;0.035799;,
    0.193350;-0.902319;0.068276;,
    0.322787;-0.838053;0.139597;,
    0.266617;-0.588073;0.119379;,
    0.294575;-0.710739;0.063000;,
    0.395402;-0.747946;0.234810;,
    -0.584144;0.312720;-0.186054;,
    -0.557626;0.163350;-0.130606;,
    -0.560354;0.447532;-0.283826;,
    -0.472641;0.589452;-0.476845;,
    -0.527709;0.478898;-0.117901;,
    -0.604322;0.442926;0.075569;,
    -0.557829;0.523960;0.078268;,
    -0.454167;0.573201;-0.144149;,
    -0.436275;0.681512;-0.506811;,
    -0.429155;0.547774;-0.714669;,
    -0.390975;0.684655;-0.708743;,
    -0.366259;0.406769;-0.802892;,
    -0.376856;0.629277;-0.860851;,
    -0.401591;0.265851;-0.753228;,
    -0.528043;0.477429;-0.675661;,
    -0.371504;-0.857052;1.059573;,
    -0.379317;-0.877345;0.998531;,
    -0.355016;-1.002361;0.837694;,
    -0.359794;-0.952403;0.957211;,
    -0.299514;-0.987517;0.953354;,
    -0.390435;-0.892219;0.720628;,
    -0.386020;-0.930304;0.524838;,
    -0.409815;-0.844645;0.655717;,
    -0.408693;-0.872424;0.501208;,
    -0.378934;-0.748291;0.238181;,
    -0.306335;-0.838814;0.142922;,
    -0.313561;-1.061110;0.572614;,
    -0.248602;-1.100696;0.606421;,
    -0.240162;-1.120807;0.423696;,
    -0.184533;-1.128202;0.490233;,
    -0.120465;-1.167043;0.375808;,
    -0.317144;-0.958197;0.261379;,
    -0.176904;-0.903483;0.070369;,
    -0.319132;-1.058312;0.444986;,
    -0.135571;-1.139465;0.313005;,
    -0.063179;-1.154453;0.264190;,
    -0.186112;-1.045267;0.196150;,
    -0.069795;-1.109546;0.171851;,
    -0.065436;-0.961854;0.037511;,
    0.008220;-0.995781;0.021140;,
    0.008218;-1.142255;0.155692;,
    0.008219;-1.179027;0.226364;,
    0.079617;-1.152526;0.261673;,
    0.086232;-1.108036;0.169533;,
    0.081877;-0.960601;0.035799;,
    0.193350;-0.902319;0.068276;,
    0.152013;-1.137603;0.309770;,
    0.136908;-1.164892;0.372999;,
    0.256613;-1.120108;0.421789;,
    0.200986;-1.125789;0.486929;,
    0.265065;-1.099392;0.603634;,
    0.202554;-1.043880;0.193871;,
    0.333594;-0.956481;0.258149;,
    0.322787;-0.838053;0.139597;,
    0.402491;-0.929344;0.522158;,
    0.395402;-0.747946;0.234810;,
    0.425169;-0.872285;0.498203;,
    0.426300;-0.844042;0.653243;,
    0.330027;-1.060830;0.570628;,
    0.371504;-1.002391;0.836287;,
    0.335588;-1.057176;0.442338;,
    0.406921;-0.891656;0.716700;,
    0.392600;-0.875702;0.991212;,
    0.383160;-0.854799;1.056706;,
    0.374763;-0.951832;0.956994;,
    0.314455;-0.985970;0.954506;,
    0.288654;-0.182308;-0.664673;,
    0.268795;-0.085661;-0.784866;,
    0.311039;-0.062533;-0.655122;,
    0.288764;0.019551;-0.704421;,
    0.250098;0.041862;-0.800255;,
    0.250346;0.147289;-0.764998;,
    0.240899;-0.021967;-0.846254;,
    0.340369;0.390553;-0.808774;,
    0.250346;0.147289;-0.764998;,
    0.337470;0.524122;-0.741994;,
    0.203785;0.137715;-0.745730;,
    0.250098;0.041862;-0.800255;,
    0.188913;0.055352;-0.799611;,
    0.167126;-0.005109;-0.845514;,
    0.240899;-0.021967;-0.846254;,
    0.177360;-0.251846;-0.880994;,
    0.198722;-0.394502;-0.783510;,
    0.149257;-0.330190;-0.910154;,
    0.172032;-0.478697;-0.821130;,
    0.119580;-0.400188;-0.921665;,
    0.112645;-0.875552;-0.933735;,
    0.099864;-0.805480;-0.962041;,
    0.106276;-0.869637;-0.928953;,
    0.095575;-0.826797;-0.968539;,
    0.051865;-0.744109;-1.060587;,
    0.037091;-0.817429;-1.055760;,
    0.014943;-0.734427;-1.063801;,
    -0.003770;-0.823566;-1.070064;,
    0.022223;-0.673720;-1.046933;,
    0.060017;-0.683457;-1.043402;,
    0.025725;-0.624564;-1.025359;,
    0.107138;-0.745320;-0.962915;,
    0.150596;-0.747286;-0.946609;,
    0.064262;-0.634287;-1.021091;,
    0.123626;-0.631118;-0.992212;,
    0.104549;-0.521144;-1.030802;,
    0.074593;-0.492536;-1.070820;,
    0.048796;-0.488929;-1.070224;,
    0.143466;-0.431701;-0.994397;,
    0.085305;-0.345573;-1.005545;,
    0.117185;-0.351215;-1.008538;,
    0.171164;-0.434796;-0.920000;,
    0.119580;-0.400188;-0.921665;,
    0.074266;-0.400278;-0.923917;,
    0.172032;-0.478697;-0.821130;,
    0.208249;-0.490843;-0.816449;,
    0.163587;-0.051438;-1.001540;,
    0.177360;-0.251846;-0.880994;,
    0.116328;-0.227185;-0.887873;,
    0.204852;-0.053482;-1.001840;,
    0.215653;-0.169266;-0.932192;,
    0.232603;0.015882;-0.974152;,
    0.207179;-0.254165;-0.865195;,
    0.235912;-0.397006;-0.777685;,
    0.198722;-0.394502;-0.783510;,
    0.258508;-0.075999;-0.938824;,
    0.246924;0.070542;-0.937932;,
    0.272447;-0.044843;-0.898911;,
    0.240899;-0.021967;-0.846254;,
    0.295920;-0.088096;-0.842358;,
    0.268795;-0.085661;-0.784866;,
    0.288654;-0.182308;-0.664673;,
    0.332188;-0.189773;-0.667931;,
    0.311039;-0.062533;-0.655122;,
    0.354099;-0.062783;-0.654749;,
    0.288764;0.019551;-0.704421;,
    0.325322;0.048938;-0.719900;,
    0.250346;0.147289;-0.764998;,
    0.287447;0.149065;-0.769487;,
    0.354584;0.251048;-0.756744;,
    0.340369;0.390553;-0.808774;,
    0.232603;0.015882;-0.974152;,
    0.194084;0.076185;-0.942546;,
    0.246924;0.070542;-0.937932;,
    0.184724;0.026908;-0.971997;,
    0.204852;-0.053482;-1.001840;,
    0.163587;-0.051438;-1.001540;,
    0.208249;-0.490843;-0.816449;,
    0.198722;-0.394502;-0.783510;,
    0.235912;-0.397006;-0.777685;,
    0.172032;-0.478697;-0.821130;,
    0.092109;-0.956752;-0.892566;,
    0.106276;-0.869637;-0.928953;,
    0.088543;-0.950147;-0.891056;,
    0.112645;-0.875552;-0.933735;,
    0.119580;-0.400188;-0.921665;,
    0.074266;-0.400278;-0.923917;,
    0.149257;-0.330190;-0.910154;,
    0.094610;-0.315768;-0.907506;,
    0.116328;-0.227185;-0.887873;,
    0.177360;-0.251846;-0.880994;,
    0.194084;0.076185;-0.942546;,
    0.240899;-0.021967;-0.846254;,
    0.246924;0.070542;-0.937932;,
    0.167126;-0.005109;-0.845514;,
    0.359545;-0.296542;-0.595386;,
    0.274122;-0.406030;-0.445276;,
    0.349735;-0.423437;-0.513091;,
    0.327281;-0.257270;-0.566430;,
    0.350273;-0.221383;-0.690395;,
    0.332188;-0.189773;-0.667931;,
    0.370446;-0.168745;-0.529842;,
    0.324470;-0.168380;-0.819846;,
    0.295920;-0.088096;-0.842358;,
    0.310525;-0.124265;-0.903289;,
    0.272447;-0.044843;-0.898911;,
    0.258508;-0.075999;-0.938824;,
    0.215653;-0.169266;-0.932192;,
    0.278829;-0.215567;-0.902841;,
    0.207179;-0.254165;-0.865195;,
    0.275259;-0.285503;-0.844650;,
    0.273140;-0.379962;-0.765310;,
    0.235912;-0.397006;-0.777685;,
    0.279795;-0.476987;-0.665294;,
    0.354099;-0.062783;-0.654749;,
    0.233933;-0.495313;-0.667093;,
    0.305902;-0.506835;-0.568359;,
    0.208249;-0.490843;-0.816449;,
    0.263430;-0.529664;-0.542810;,
    0.422368;-0.020442;-0.633218;,
    0.325322;0.048938;-0.719900;,
    0.354584;0.251048;-0.756744;,
    0.521432;0.275410;-0.524194;,
    0.484741;0.456035;-0.675829;,
    0.449187;-0.042696;-0.595443;,
    0.531348;0.271790;-0.501012;,
    0.436377;-0.126933;-0.484435;,
    0.507073;-0.091171;-0.414241;,
    0.527551;0.437195;-0.637276;,
    0.523512;0.556823;-0.500838;,
    0.566403;0.323614;-0.534374;,
    0.569788;0.513297;-0.503836;,
    0.660239;0.201986;-0.338933;,
    0.592483;0.438046;-0.320077;,
    0.515790;0.424117;-0.274878;,
    0.623468;0.422916;-0.363914;,
    0.535117;0.299654;-0.186308;,
    0.619627;0.170642;-0.317944;,
    0.551895;0.074582;-0.311250;,
    0.575133;-0.078682;-0.177627;,
    0.690634;0.185108;-0.287533;,
    0.661150;0.292652;-0.232796;,
    0.681595;0.289972;-0.282941;,
    0.673641;0.147068;-0.237612;,
    0.579243;0.121697;-0.180569;,
    0.503806;0.145898;-0.132030;,
    0.490421;-0.041571;-0.114654;,
    0.443798;-0.013444;-0.070136;,
    0.317744;-0.178371;-0.028693;,
    0.401160;-0.195132;-0.057041;,
    0.355206;-0.311297;-0.004421;,
    0.279780;-0.294210;0.015927;,
    0.430916;-0.356390;-0.046738;,
    0.484033;-0.242153;-0.093795;,
    0.405592;-0.440628;-0.096824;,
    0.473928;-0.290245;-0.180699;,
    0.339488;-0.535198;-0.145871;,
    0.544366;-0.153201;-0.259820;,
    0.596734;-0.059669;-0.325849;,
    0.399642;-0.340252;-0.256790;,
    0.292376;-0.581826;-0.168994;,
    0.461614;-0.213956;-0.350530;,
    0.337630;-0.359885;-0.265062;,
    0.225413;-0.609840;-0.175060;,
    0.372673;-0.258835;-0.368153;,
    0.263493;-0.366630;-0.255714;,
    0.172693;-0.591247;-0.157256;,
    0.206560;-0.353583;-0.238683;,
    0.216582;-0.282744;-0.294129;,
    0.282123;-0.287928;-0.321584;,
    0.210276;-0.297146;-0.349957;,
    0.321779;-0.289927;-0.400829;,
    0.264145;-0.297681;-0.366093;,
    0.177605;-0.402095;-0.359735;,
    0.261712;-0.407256;-0.391590;,
    0.218784;-0.396444;-0.361282;,
    0.164911;-0.465294;-0.330220;,
    0.257409;-0.486295;-0.358583;,
    0.209563;-0.461802;-0.324774;,
    0.197708;-0.536886;-0.300145;,
    0.144483;-0.548652;-0.309313;,
    0.243445;-0.567068;-0.320888;,
    0.248073;-0.635211;-0.365787;,
    0.270188;-0.558446;-0.424640;,
    0.283604;-0.477466;-0.498289;,
    0.240195;-0.696300;-0.406103;,
    0.254610;-0.612236;-0.474504;,
    0.202103;-0.745260;-0.438579;,
    0.209559;-0.665635;-0.525085;,
    0.161415;-0.760916;-0.449178;,
    0.209776;-0.554732;-0.638640;,
    0.167500;-0.671347;-0.532377;,
    0.113341;-0.737224;-0.434171;,
    0.125011;-0.664572;-0.515179;,
    0.140206;-0.594498;-0.610643;,
    0.174865;-0.583102;-0.635847;,
    0.190290;-0.604428;-0.752456;,
    0.185421;-0.684408;-0.680128;,
    0.219653;-0.520733;-0.837523;,
    0.206377;-0.467637;-0.926078;,
    0.171164;-0.434796;-0.920000;,
    0.191885;-0.455369;-0.994892;,
    0.143466;-0.431701;-0.994397;,
    0.179306;-0.515895;-1.019168;,
    0.104549;-0.521144;-1.030802;,
    0.177335;-0.609732;-0.974415;,
    0.123626;-0.631118;-0.992212;,
    0.174215;-0.721803;-0.924035;,
    0.150596;-0.747286;-0.946609;,
    0.216795;-0.628370;-0.800151;,
    0.180191;-0.811732;-0.862005;,
    0.137228;-0.873227;-0.851435;,
    0.200093;-0.753514;-0.813053;,
    0.171801;-0.684131;-0.749986;,
    0.211871;-0.679320;-0.798831;,
    0.162968;-0.787810;-0.770089;,
