xof 0303txt 0032
template ColorRGBA {
 <35ff44e0-6c7c-11cf-8f52-0040333594a3>
 FLOAT red;
 FLOAT green;
 FLOAT blue;
 FLOAT alpha;
}

template ColorRGB {
 <d3e16e81-7835-11cf-8f52-0040333594a3>
 FLOAT red;
 FLOAT green;
 FLOAT blue;
}

template Material {
 <3d82ab4d-62da-11cf-ab39-0020af71e433>
 ColorRGBA faceColor;
 FLOAT power;
 ColorRGB specularColor;
 ColorRGB emissiveColor;
 [...]
}

template TextureFilename {
 <a42790e1-7810-11cf-8f52-0040333594a3>
 STRING filename;
}

template Frame {
 <3d82ab46-62da-11cf-ab39-0020af71e433>
 [...]
}

template Matrix4x4 {
 <f6f23f45-7686-11cf-8f52-0040333594a3>
 array FLOAT matrix[16];
}

template FrameTransformMatrix {
 <f6f23f41-7686-11cf-8f52-0040333594a3>
 Matrix4x4 frameMatrix;
}

template Vector {
 <3d82ab5e-62da-11cf-ab39-0020af71e433>
 FLOAT x;
 FLOAT y;
 FLOAT z;
}

template MeshFace {
 <3d82ab5f-62da-11cf-ab39-0020af71e433>
 DWORD nFaceVertexIndices;
 array DWORD faceVertexIndices[nFaceVertexIndices];
}

template Mesh {
 <3d82ab44-62da-11cf-ab39-0020af71e433>
 DWORD nVertices;
 array Vector vertices[nVertices];
 DWORD nFaces;
 array MeshFace faces[nFaces];
 [...]
}

template MeshMaterialList {
 <f6f23f42-7686-11cf-8f52-0040333594a3>
 DWORD nMaterials;
 DWORD nFaceIndexes;
 array DWORD faceIndexes[nFaceIndexes];
 [Material <3d82ab4d-62da-11cf-ab39-0020af71e433>]
}

template VertexElement {
 <f752461c-1e23-48f6-b9f8-8350850f336f>
 DWORD Type;
 DWORD Method;
 DWORD Usage;
 DWORD UsageIndex;
}

template DeclData {
 <bf22e553-292c-4781-9fea-62bd554bdd93>
 DWORD nElements;
 array VertexElement Elements[nElements];
 DWORD nDWords;
 array DWORD data[nDWords];
}

template XSkinMeshHeader {
 <3cf169ce-ff7c-44ab-93c0-f78f62d172e2>
 WORD nMaxSkinWeightsPerVertex;
 WORD nMaxSkinWeightsPerFace;
 WORD nBones;
}

template SkinWeights {
 <6f0d123b-bad2-4167-a0d0-80224f25fabb>
 STRING transformNodeName;
 DWORD nWeights;
 array DWORD vertexIndices[nWeights];
 array FLOAT weights[nWeights];
 Matrix4x4 matrixOffset;
}

template AnimTicksPerSecond {
 <9e415a43-7ba6-4a73-8743-b73d47e88476>
 DWORD AnimTicksPerSecond;
}

template Animation {
 <3d82ab4f-62da-11cf-ab39-0020af71e433>
 [...]
}

template AnimationSet {
 <3d82ab50-62da-11cf-ab39-0020af71e433>
 [Animation <3d82ab4f-62da-11cf-ab39-0020af71e433>]
}

template FloatKeys {
 <10dd46a9-775b-11cf-8f52-0040333594a3>
 DWORD nValues;
 array FLOAT values[nValues];
}

template TimedFloatKeys {
 <f406b180-7b3b-11cf-8f52-0040333594a3>
 DWORD time;
 FloatKeys tfkeys;
}

template AnimationKey {
 <10dd46a8-775b-11cf-8f52-0040333594a3>
 DWORD keyType;
 DWORD nKeys;
 array TimedFloatKeys keys[nKeys];
}


Material Material__26 {
 0.588000;0.588000;0.588000;1.000000;;
 10.000000;
 0.000000;0.000000;0.000000;;
 0.000000;0.000000;0.000000;;

 TextureFilename {
  "Monster_DG_070_Body_Color.png";
 }
}

Material Material__27 {
 0.588000;0.588000;0.588000;1.000000;;
 10.000000;
 0.000000;0.000000;0.000000;;
 0.000000;0.000000;0.000000;;

 TextureFilename {
  "Monster_DG_070_Body_Color.png";
 }
}

Material Material__28 {
 0.588000;0.588000;0.588000;1.000000;;
 10.000000;
 0.000000;0.000000;0.000000;;
 0.000000;0.000000;0.000000;;

 TextureFilename {
  "Monster_DG_070_Body_Color.png";
 }
}

Frame DG_070 {
 

 FrameTransformMatrix {
  1.000000,0.000000,0.000000,0.000000,0.000000,-0.000000,-1.000000,0.000000,0.000000,1.000000,-0.000000,0.000000,0.015109,0.000000,0.178469,1.000000;;
 }

 Frame Bip001 {
  

  FrameTransformMatrix {
   0.219098,0.975702,0.001101,0.000000,0.119215,-0.027890,0.992477,0.000000,0.968392,-0.217318,-0.122429,0.000000,-0.004393,-0.004774,0.948206,1.000000;;
  }

  Frame Bip001_Pelvis {
   

   FrameTransformMatrix {
    0.095937,0.978527,0.182429,0.000000,-0.089724,-0.174027,0.980645,0.000000,0.991335,-0.110448,0.071102,0.000000,0.000000,0.000000,0.000000,1.000000;;
   }

   Frame _070_qunzi_L_bone_01 {
    

    FrameTransformMatrix {
     -0.731843,0.275796,-0.623172,0.000000,-0.338953,-0.940626,-0.018230,0.000000,-0.591199,0.197884,0.781873,0.000000,0.084873,0.065925,-0.045063,1.000000;;
    }

    Frame _070_qunzi_L_bone_02 {
     

     FrameTransformMatrix {
      0.999807,-0.018865,-0.005298,0.000000,0.018869,0.999822,0.000777,0.000000,0.005282,-0.000877,0.999985,0.000000,0.138314,0.000000,0.000000,1.000000;;
     }

     Frame _070_qunzi_L_bone_03 {
      

      FrameTransformMatrix {
       0.998310,-0.042835,-0.039290,0.000000,0.043039,0.999064,0.004368,0.000000,0.039066,-0.006052,0.999218,0.000000,0.154794,-0.000000,0.000000,1.000000;;
      }
     }
    }
   }

   Frame _070_qunzi_R_bone_01 {
    

    FrameTransformMatrix {
     -0.871481,-0.286202,-0.398260,0.000000,-0.208099,0.951129,-0.228143,0.000000,0.444091,-0.115944,-0.888448,0.000000,0.087795,-0.065454,-0.059129,1.000000;;
    }

    Frame _070_qunzi_R_bone_02 {
     

     FrameTransformMatrix {
      0.998944,0.001265,-0.045906,0.000000,-0.001216,0.999999,0.001095,0.000000,0.045907,-0.001039,0.998945,0.000000,0.138316,0.000002,-0.000002,1.000000;;
     }

     Frame _070_qunzi_R_bone_03 {
      

      FrameTransformMatrix {
       0.997507,0.020076,-0.067646,0.000000,-0.019541,0.999773,0.008556,0.000000,0.067803,-0.007213,0.997673,0.000000,0.154794,0.000000,0.000000,1.000000;;
      }
     }
    }
   }

   Frame Bip001_Spine {
    

    FrameTransformMatrix {
     0.956559,-0.287572,-0.047939,0.000000,0.278319,0.949706,-0.143515,0.000000,0.086799,0.123938,0.988487,0.000000,0.085582,-0.017733,0.024800,1.000000;;
    }

    Frame Bip001_L_Thigh {
     

     FrameTransformMatrix {
      -0.938665,0.304546,0.161738,0.000000,-0.344406,-0.851253,-0.395921,0.000000,0.017104,-0.427341,0.903929,0.000000,-0.107037,0.066801,-0.020581,1.000000;;
     }

     Frame Bip001_L_Calf {
      

      FrameTransformMatrix {
       0.924412,0.000000,-0.381396,0.000000,-0.000000,1.000000,0.000000,0.000000,0.381396,-0.000000,0.924412,0.000000,0.409415,-0.000000,0.000000,1.000000;;
      }

      Frame Bip001_L_Foot {
       

       FrameTransformMatrix {
        0.940791,0.290312,0.175017,0.000000,-0.246384,0.940209,-0.235165,0.000000,-0.232824,0.178120,0.956068,0.000000,0.478305,0.000000,-0.000000,1.000000;;
       }

       Frame Bip001_L_Toe0 {
        

        FrameTransformMatrix {
         -0.228402,-0.060498,0.971686,0.000000,-0.081947,0.995720,0.042733,0.000000,-0.970112,-0.069866,-0.232382,0.000000,0.108734,-0.000000,0.117779,1.000000;;
        }
       }
      }
     }
    }

    Frame Bip001_R_Thigh {
     

     FrameTransformMatrix {
      -0.974319,-0.219246,0.051319,0.000000,0.186235,-0.912734,-0.363638,0.000000,0.126567,-0.344742,0.930126,0.000000,-0.064512,-0.073639,-0.038909,1.000000;;
     }

     Frame Bip001_R_Calf {
      

      FrameTransformMatrix {
       0.980364,0.000000,-0.197197,0.000000,0.000000,1.000000,-0.000000,0.000000,0.197197,0.000000,0.980364,0.000000,0.409415,0.000000,-0.000000,1.000000;;
      }

      Frame Bip001_R_Foot {
       

       FrameTransformMatrix {
        0.970103,-0.210765,0.120331,0.000000,0.209858,0.977521,0.020306,0.000000,-0.121906,0.005553,0.992526,0.000000,0.478305,0.000000,0.000000,1.000000;;
       }

       Frame Bip001_R_Toe0 {
        

        FrameTransformMatrix {
         -0.055724,-0.003360,0.998440,0.000000,-0.076958,0.997034,-0.000940,0.000000,-0.995476,-0.076890,-0.055818,0.000000,0.108734,0.000000,0.117779,1.000000;;
        }
       }
      }
     }
    }

    Frame Bip001_Spine1 {
     

     FrameTransformMatrix {
      0.983656,-0.109853,-0.142665,0.000000,0.079200,0.975533,-0.205093,0.000000,0.161704,0.190442,0.968289,0.000000,0.082493,-0.000013,-0.000064,1.000000;;
     }

     Frame Bip001_Spine2 {
      

      FrameTransformMatrix {
       0.995834,-0.006258,-0.090972,0.000000,-0.013632,0.976213,-0.216383,0.000000,0.090162,0.216722,0.972061,0.000000,0.083459,-0.000030,-0.000134,1.000000;;
      }

      Frame Bip001_Neck {
       

       FrameTransformMatrix {
        0.912505,-0.138504,0.384905,0.000000,-0.116871,0.813445,0.569779,0.000000,-0.392016,-0.564910,0.726086,0.000000,0.185682,0.000030,-0.044223,1.000000;;
       }

       Frame Bip001_Head {
        

        FrameTransformMatrix {
         0.999232,0.033640,-0.020087,0.000000,-0.027177,0.964369,0.263160,0.000000,0.028224,-0.262412,0.964543,0.000000,0.067841,0.000000,0.004464,1.000000;;
        }

        Frame _070_toufa_bone_01 {
         

         FrameTransformMatrix {
          -0.972678,-0.024377,-0.230876,0.000000,-0.011227,-0.988370,0.151654,0.000000,-0.231888,0.150102,0.961091,0.000000,0.117000,-0.002853,-0.148929,1.000000;;
         }

         Frame _070_toufa_bone_02 {
          

          FrameTransformMatrix {
           0.966769,-0.213436,0.140729,0.000000,0.212860,0.976893,0.019310,0.000000,-0.141598,0.011287,0.989860,0.000000,0.146869,0.000000,0.000001,1.000000;;
          }

          Frame _070_toufa_bone_03 {
           

           FrameTransformMatrix {
            0.994127,0.105122,0.025700,0.000000,-0.104688,0.994348,-0.017678,0.000000,-0.027413,0.014884,0.999514,0.000000,0.144227,0.000001,0.000002,1.000000;;
           }
          }
         }
        }
       }

       Frame Bip001_L_Clavicle {
        

        FrameTransformMatrix {
         -0.320541,0.792970,-0.518124,0.000000,0.868359,0.027470,-0.495174,0.000000,-0.378425,-0.608641,-0.697388,0.000000,-0.065318,0.033414,0.010528,1.000000;;
        }

        Frame Bip001_L_UpperArm {
         

         FrameTransformMatrix {
          0.585141,-0.808271,0.065644,0.000000,0.768389,0.526749,-0.363475,0.000000,0.259209,0.263124,0.929288,0.000000,0.091673,0.000000,0.000000,1.000000;;
         }

         Frame Bip001_L_Forearm {
          

          FrameTransformMatrix {
           0.674044,0.000000,-0.738691,0.000000,-0.000000,1.000000,0.000000,0.000000,0.738692,0.000000,0.674044,0.000000,0.207226,0.000000,0.000000,1.000000;;
          }

          Frame Bip001_L_Hand {
           

           FrameTransformMatrix {
            0.909317,0.383235,-0.162090,0.000000,-0.033330,0.455373,0.889677,0.000000,0.414767,-0.803596,0.426852,0.000000,0.217024,0.000000,0.000000,1.000000;;
           }

           Frame Bip001_L_Finger0 {
            

            FrameTransformMatrix {
             0.723282,-0.474101,0.502087,0.000000,0.658134,0.253099,-0.709084,0.000000,0.209100,0.843308,0.495085,0.000000,0.040891,-0.025880,0.017655,1.000000;;
            }

            Frame Bip001_L_Finger01 {
             

             FrameTransformMatrix {
              0.936513,0.000000,0.350632,0.000000,-0.000000,1.000000,-0.000000,0.000000,-0.350632,0.000000,0.936513,0.000000,0.027869,0.000000,0.000000,1.000000;;
             }

             Frame Bip001_L_Finger02 {
              

              FrameTransformMatrix {
               0.975555,-0.000000,0.219757,0.000000,0.000000,1.000000,0.000000,0.000000,-0.219757,0.000000,0.975555,0.000000,0.022604,0.000000,0.000000,1.000000;;
              }
             }
            }
           }

           Frame Bip001_L_Finger1 {
            

            FrameTransformMatrix {
             0.927701,-0.315862,0.199004,0.000000,0.344715,0.929410,-0.131793,0.000000,-0.143328,0.190864,0.971097,0.000000,0.086723,-0.023636,0.001491,1.000000;;
            }

            Frame Bip001_L_Finger11 {
             

             FrameTransformMatrix {
              0.932052,-0.000000,0.362325,0.000000,0.000000,1.000000,-0.000000,0.000000,-0.362325,0.000000,0.932052,0.000000,0.035110,0.000000,0.000000,1.000000;;
             }

             Frame Bip001_L_Finger12 {
              

              FrameTransformMatrix {
               0.934306,0.000000,0.356473,0.000000,-0.000000,1.000000,0.000000,0.000000,-0.356473,-0.000000,0.934306,0.000000,0.023412,0.000000,-0.000000,1.000000;;
              }
             }
            }
           }

           Frame Bip001_L_Finger2 {
            

            FrameTransformMatrix {
             0.901613,-0.046119,0.430079,0.000000,0.086225,0.993507,-0.074224,0.000000,-0.423863,0.104005,0.899735,0.000000,0.088762,-0.006020,-0.004355,1.000000;;
            }

            Frame Bip001_L_Finger21 {
             

             FrameTransformMatrix {
              0.885041,-0.000000,0.465513,0.000000,0.000000,1.000000,0.000000,0.000000,-0.465513,-0.000000,0.885041,0.000000,0.039017,0.000000,-0.000000,1.000000;;
             }

             Frame Bip001_L_Finger22 {
              

              FrameTransformMatrix {
               0.843363,0.000000,0.537344,0.000000,-0.000000,1.000000,0.000000,0.000000,-0.537344,-0.000000,0.843363,0.000000,0.026492,0.000000,0.000000,1.000000;;
              }
             }
            }
           }

           Frame Bip001_L_Finger3 {
            

            FrameTransformMatrix {
             0.861751,0.114169,0.494320,0.000000,-0.147744,0.988593,0.029236,0.000000,-0.485343,-0.098227,0.868789,0.000000,0.084178,0.012775,-0.001563,1.000000;;
            }

            Frame Bip001_L_Finger31 {
             

             FrameTransformMatrix {
              0.828944,0.000000,0.559333,0.000000,0.000000,1.000000,0.000000,0.000000,-0.559332,0.000000,0.828943,0.000000,0.040469,0.000000,0.000000,1.000000;;
             }

             Frame Bip001_L_Finger32 {
              

              FrameTransformMatrix {
               0.805575,0.000000,0.592494,0.000000,-0.000000,1.000000,-0.000000,0.000000,-0.592494,0.000000,0.805575,0.000000,0.025849,-0.000000,0.000000,1.000000;;
              }
             }
            }
           }

           Frame Bip001_L_Finger4 {
            

            FrameTransformMatrix {
             0.763073,0.320981,0.560974,0.000000,-0.391274,0.920257,0.005678,0.000000,-0.514418,-0.223827,0.827814,0.000000,0.079312,0.027208,0.005604,1.000000;;
            }

            Frame Bip001_L_Finger41 {
             

             FrameTransformMatrix {
              0.766845,-0.000000,0.641832,0.000000,0.000000,1.000000,-0.000000,0.000000,-0.641832,-0.000000,0.766845,0.000000,0.027356,0.000000,0.000000,1.000000;;
             }

             Frame Bip001_L_Finger42 {
              

              FrameTransformMatrix {
               0.809492,0.000000,0.587130,0.000000,-0.000000,1.000000,-0.000000,0.000000,-0.587130,0.000000,0.809493,0.000000,0.016410,-0.000000,-0.000000,1.000000;;
              }
             }
            }
           }
          }
         }
        }
       }

       Frame Bip001_R_Clavicle {
        

        FrameTransformMatrix {
         -0.397371,-0.877836,0.267393,0.000000,-0.824050,0.469565,0.316938,0.000000,-0.403778,-0.094403,-0.909973,0.000000,-0.056921,-0.015898,0.044773,1.000000;;
        }

        Frame Bip001_R_UpperArm {
         

         FrameTransformMatrix {
          0.778107,0.334286,0.531792,0.000000,-0.428199,0.901709,0.059714,0.000000,-0.459560,-0.274177,0.844767,0.000000,0.091673,-0.000000,0.000000,1.000000;;
         }

         Frame _070_jianjia_bone_01 {
          

          FrameTransformMatrix {
           -0.779964,-0.567880,0.262999,0.000000,-0.360219,0.063724,-0.930689,0.000000,0.511761,-0.820641,-0.254263,0.000000,0.011818,-0.045888,0.015789,1.000000;;
          }
         }

         Frame Bip001_R_Forearm {
          

          FrameTransformMatrix {
           0.949248,-0.000000,-0.314527,0.000000,0.000000,1.000000,0.000000,0.000000,0.314527,-0.000000,0.949249,0.000000,0.207226,0.000000,-0.000000,1.000000;;
          }

          Frame Bip001_R_Hand {
           

           FrameTransformMatrix {
            0.730627,-0.081035,0.677951,0.000000,0.643623,0.413149,-0.644249,0.000000,-0.227888,0.907051,0.354014,0.000000,0.217024,0.000000,0.000000,1.000000;;
           }

           Frame Bip001_R_Finger0 {
            

            FrameTransformMatrix {
             0.070081,0.341406,0.937299,0.000000,-0.582447,-0.748806,0.316298,0.000000,0.809842,-0.568094,0.146374,0.000000,0.040891,0.025880,0.017655,1.000000;;
            }

            Frame Bip001_R_Finger01 {
             

             FrameTransformMatrix {
              0.633019,0.000000,0.774136,0.000000,-0.000000,1.000000,0.000000,0.000000,-0.774136,-0.000000,0.633019,0.000000,0.027869,-0.000000,0.000000,1.000000;;
             }

             Frame Bip001_R_Finger02 {
              

              FrameTransformMatrix {
               0.524717,0.000000,0.851276,0.000000,0.000000,1.000000,0.000000,0.000000,-0.851276,0.000000,0.524717,0.000000,0.022604,0.000000,0.000000,1.000000;;
              }
             }
            }
           }

           Frame Bip001_R_Finger1 {
            

            FrameTransformMatrix {
             0.915673,0.172343,0.363099,0.000000,-0.235237,0.962309,0.136474,0.000000,-0.325893,-0.210380,0.921702,0.000000,0.086723,0.023636,0.001491,1.000000;;
            }

            Frame Bip001_R_Finger11 {
             

             FrameTransformMatrix {
              0.324097,0.000000,0.946024,0.000000,0.000000,1.000000,-0.000000,0.000000,-0.946024,0.000000,0.324097,0.000000,0.035110,0.000000,0.000000,1.000000;;
             }

             Frame Bip001_R_Finger12 {
              

              FrameTransformMatrix {
               0.649064,-0.000000,0.760734,0.000000,0.000000,1.000000,-0.000000,0.000000,-0.760734,0.000000,0.649064,0.000000,0.023412,-0.000000,0.000000,1.000000;;
              }
             }
            }
           }

           Frame Bip001_R_Finger2 {
            

            FrameTransformMatrix {
             0.718601,0.010418,0.695345,0.000000,-0.086225,0.993507,0.074224,0.000000,-0.690057,-0.113293,0.714833,0.000000,0.088762,0.006020,-0.004355,1.000000;;
            }

            Frame Bip001_R_Finger21 {
             

             FrameTransformMatrix {
              0.670974,0.000000,0.741481,0.000000,0.000000,1.000000,0.000000,0.000000,-0.741481,0.000000,0.670974,0.000000,0.039017,0.000000,0.000000,1.000000;;
             }

             Frame Bip001_R_Finger22 {
              

              FrameTransformMatrix {
               0.456782,-0.000000,0.889579,0.000000,-0.000000,1.000000,0.000000,0.000000,-0.889579,-0.000000,0.456782,0.000000,0.026492,0.000000,0.000000,1.000000;;
              }
             }
            }
           }

           Frame Bip001_R_Finger3 {
            

            FrameTransformMatrix {
             0.789162,-0.218486,0.574010,0.000000,0.218136,0.973362,0.070592,0.000000,-0.574143,0.069504,0.815800,0.000000,0.084178,-0.012775,-0.001563,1.000000;;
            }

            Frame Bip001_R_Finger31 {
             

             FrameTransformMatrix {
              0.402016,-0.000000,0.915633,0.000000,0.000000,1.000000,0.000000,0.000000,-0.915633,0.000000,0.402016,0.000000,0.040469,0.000000,0.000000,1.000000;;
             }

             Frame Bip001_R_Finger32 {
              

              FrameTransformMatrix {
               0.720617,0.000000,0.693334,0.000000,-0.000000,1.000000,0.000000,0.000000,-0.693334,0.000000,0.720617,0.000000,0.025849,-0.000000,-0.000000,1.000000;;
              }
             }
            }
           }

           Frame Bip001_R_Finger4 {
            

            FrameTransformMatrix {
             0.933143,-0.359036,-0.018358,0.000000,0.356248,0.916623,0.181354,0.000000,-0.048285,-0.175769,0.983247,0.000000,0.079312,-0.027209,0.005604,1.000000;;
            }

            Frame Bip001_R_Finger41 {
             

             FrameTransformMatrix {
              0.412749,0.000000,0.910845,0.000000,-0.000000,1.000000,-0.000000,0.000000,-0.910845,-0.000000,0.412749,0.000000,0.027356,0.000000,0.000000,1.000000;;
             }

             Frame Bip001_R_Finger42 {
              

              FrameTransformMatrix {
               0.727819,0.000000,0.685770,0.000000,0.000000,1.000000,-0.000000,0.000000,-0.685770,0.000000,0.727819,0.000000,0.016410,0.000000,0.000000,1.000000;;
              }
             }
            }
           }

           Frame Bone030 {
            

            FrameTransformMatrix {
             -0.230699,-0.961485,-0.149416,0.000000,-0.147714,0.186385,-0.971309,0.000000,0.961748,-0.202009,-0.185024,0.000000,0.091659,0.044260,0.043590,1.000000;;
            }
           }
          }
         }
        }
       }
      }

      Frame Bone019 {
       

       FrameTransformMatrix {
        0.026547,-0.199764,0.979484,0.000000,-0.005004,-0.979844,-0.199702,0.000000,0.999635,0.000401,-0.027012,0.000000,0.052164,-0.042333,-0.007403,1.000000;;
       }

       Frame Bone020 {
        

        FrameTransformMatrix {
         0.998181,-0.000000,0.060294,0.000000,0.000000,1.000000,-0.000000,0.000000,-0.060294,0.000000,0.998181,0.000000,0.054822,-0.000000,-0.000000,1.000000;;
        }
       }
      }

      Frame Bone021 {
       

       FrameTransformMatrix {
        0.026546,0.199767,0.979484,0.000000,-0.005004,0.979844,-0.199705,0.000000,-0.999635,0.000400,0.027011,0.000000,0.052165,0.041314,-0.007403,1.000000;;
       }

       Frame Bone022 {
        

        FrameTransformMatrix {
         0.998181,-0.000000,-0.060294,0.000000,0.000001,1.000000,-0.000000,0.000000,0.060294,0.000000,0.998181,0.000000,0.054822,0.000000,0.000000,1.000000;;
        }
       }
      }
     }
    }
   }
  }
 }

 Frame Body {
  

  FrameTransformMatrix {
   1.000000,0.000000,0.000000,0.000000,0.000000,1.000000,0.000000,0.000000,0.000000,-0.000000,1.000000,0.000000,-0.975109,0.178469,0.000000,1.000000;;
  }

  Mesh Body {
   4170;
   0.132407;-0.044400;0.482529;,
   0.148091;-0.023242;0.433894;,
   0.144607;-0.013137;0.471720;,
   0.136488;-0.055761;0.433933;,
   0.135778;0.008586;0.433580;,
   0.133542;0.014963;0.455707;,
   0.131257;-0.032611;0.520092;,
   0.144980;-0.002460;0.509329;,
   0.146701;-0.006690;0.538406;,
   0.150264;0.003603;0.528842;,
   0.131704;0.027837;0.494387;,
   0.097526;0.054995;0.478114;,
   0.099843;0.035228;0.445011;,
   0.135108;0.035539;0.511171;,
   0.096157;0.065792;0.494089;,
   0.056644;0.043062;0.508928;,
   0.100891;0.030646;0.433155;,
   0.072452;0.015434;0.433296;,
   0.070431;0.019172;0.450734;,
   0.054488;-0.021675;0.433737;,
   0.052404;-0.012824;0.469270;,
   0.063825;0.034222;0.490681;,
   0.044873;-0.003068;0.507869;,
   0.033447;0.007381;0.528908;,
   0.074575;0.006039;0.361417;,
   0.056731;-0.027627;0.361587;,
   0.064261;-0.029620;0.256758;,
   0.075775;-0.004333;0.256749;,
   0.066914;-0.031365;0.134047;,
   0.076724;-0.010141;0.133933;,
   0.099607;0.001595;0.256811;,
   0.091404;-0.003850;0.133880;,
   0.121398;-0.013921;0.256765;,
   0.108389;-0.012930;0.133933;,
   0.116981;-0.031063;0.134054;,
   0.130346;-0.033919;0.256624;,
   0.119621;-0.056053;0.256418;,
   0.109365;-0.050599;0.134149;,
   0.093783;-0.069836;0.256503;,
   0.091845;-0.059145;0.134180;,
   0.070417;-0.055051;0.256606;,
   0.075302;-0.051711;0.134149;,
   0.066914;-0.031365;0.134047;,
   0.064261;-0.029620;0.256758;,
   0.134010;-0.061380;0.361529;,
   0.145208;-0.031909;0.361908;,
   0.064760;-0.059593;0.361310;,
   0.056731;-0.027627;0.361587;,
   0.134650;-0.003984;0.361849;,
   0.054488;-0.021675;0.433737;,
   0.062849;-0.056948;0.433452;,
   0.052404;-0.012824;0.469270;,
   0.059788;-0.045623;0.481631;,
   0.044873;-0.003068;0.507869;,
   0.096439;-0.058787;0.488032;,
   0.093859;-0.045648;0.523125;,
   0.056930;-0.033801;0.519642;,
   0.037300;-0.009364;0.538525;,
   0.052615;-0.023864;0.541664;,
   0.098169;-0.074080;0.433395;,
   0.033447;0.007381;0.528908;,
   0.124221;-0.019343;0.548507;,
   0.092634;-0.031265;0.550935;,
   0.125394;-0.013543;0.567238;,
   0.091852;-0.026174;0.570871;,
   0.090369;-0.025706;0.603720;,
   0.130819;-0.010696;0.602245;,
   0.157519;0.030526;0.596235;,
   0.143618;0.019117;0.558190;,
   0.136362;0.083392;0.580423;,
   0.127188;0.060641;0.546181;,
   0.056465;-0.014182;0.565767;,
   0.045385;-0.009943;0.600275;,
   0.038905;0.018785;0.556538;,
   0.025139;0.027564;0.591838;,
   0.095371;0.084712;0.537690;,
   0.092711;0.113177;0.566892;,
   0.048759;0.082368;0.579103;,
   0.060296;0.062222;0.545193;,
   0.038905;0.018785;0.556538;,
   0.025139;0.027564;0.591838;,
   0.137417;0.006372;0.535636;,
   0.135013;-0.003401;0.544344;,
   0.125066;0.037671;0.520654;,
   0.097399;0.057005;0.510964;,
   0.062249;0.039079;0.519450;,
   0.043619;0.007642;0.535959;,
   0.046620;-0.003478;0.543902;,
   0.043619;0.007642;0.535959;,
   0.064642;0.104052;0.634286;,
   0.093572;0.115736;0.640357;,
   0.042772;0.075598;0.601749;,
   0.118457;0.100895;0.633909;,
   0.041224;0.068828;0.624395;,
   0.036744;0.032610;0.611653;,
   0.140945;0.076398;0.603923;,
   0.138040;0.069405;0.623290;,
   0.139906;0.032886;0.612503;,
   0.121818;-0.000196;0.617116;,
   0.087602;-0.014239;0.618730;,
   0.052529;0.001598;0.615608;,
   0.036744;0.032610;0.611653;,
   0.038208;-0.001716;0.647967;,
   0.023927;0.038243;0.645689;,
   0.087600;-0.026583;0.648736;,
   0.136169;-0.006785;0.647995;,
   0.158854;0.036715;0.645516;,
   0.144347;0.075648;0.639337;,
   0.168672;0.040544;0.678528;,
   0.157930;0.094186;0.678197;,
   0.146792;0.095348;0.718715;,
   0.154952;0.045823;0.719195;,
   0.150148;-0.010189;0.678875;,
   0.139720;0.000198;0.719139;,
   0.087599;-0.035742;0.678742;,
   0.081851;-0.023962;0.719009;,
   0.034096;-0.001845;0.678828;,
   0.038386;0.009554;0.719167;,
   0.024138;0.043877;0.678590;,
   0.028559;0.052191;0.719111;,
   0.094342;0.127172;0.718778;,
   0.093930;0.130533;0.678057;,
   0.121764;0.101640;0.653704;,
   0.093267;0.114984;0.661130;,
   0.043599;0.112485;0.678297;,
   0.048141;0.111233;0.718927;,
   0.028559;0.052191;0.719111;,
   0.024138;0.043877;0.678590;,
   0.037273;0.075721;0.639997;,
   0.062487;0.102987;0.654228;,
   0.023927;0.038243;0.645689;,
   0.048096;0.112852;0.759841;,
   0.094759;0.127991;0.759544;,
   0.044141;0.114551;0.801041;,
   0.095182;0.130200;0.800355;,
   0.040689;0.120639;0.862327;,
   0.024573;0.065573;0.801649;,
   0.017755;0.072836;0.862057;,
   0.015817;0.077097;0.906521;,
   0.038539;0.125704;0.910172;,
   0.019833;0.105066;0.929453;,
   0.014072;0.077152;0.922861;,
   0.010200;0.077167;0.924861;,
   0.014929;0.107375;0.928623;,
   0.000000;0.078138;0.924405;,
   0.000000;0.108976;0.927861;,
   0.028826;0.131439;0.947897;,
   0.035152;0.130319;0.945443;,
   0.048769;0.142529;0.973928;,
   0.000000;0.143786;0.973813;,
   0.000000;0.133323;0.946968;,
   0.044663;0.144801;1.010018;,
   0.088896;0.134609;1.015343;,
   0.000000;0.150672;1.008429;,
   0.040104;0.146493;1.043270;,
   0.081379;0.134019;1.046432;,
   0.035468;0.146547;1.087393;,
   0.073322;0.133396;1.091571;,
   0.102565;0.108711;1.051130;,
   0.087887;0.109092;1.097093;,
   0.108760;0.084912;1.057004;,
   0.089523;0.092240;1.099658;,
   0.080949;0.072951;1.100925;,
   0.098851;0.059069;1.064511;,
   0.079251;0.036858;1.070739;,
   0.065786;0.053764;1.102617;,
   0.054363;0.023487;1.073704;,
   0.045527;0.042709;1.103304;,
   0.071923;-0.009099;1.033897;,
   0.097849;0.016775;1.035257;,
   0.112739;0.046294;1.032635;,
   0.109297;0.004442;0.990219;,
   0.080259;-0.020807;0.987511;,
   0.089160;-0.014594;0.945240;,
   0.057363;-0.020801;0.942393;,
   0.044611;-0.027807;0.984031;,
   0.031030;-0.016650;0.941147;,
   0.060944;-0.006530;0.924885;,
   0.011356;-0.023645;0.982958;,
   0.039025;-0.018271;1.030932;,
   0.011607;-0.013682;1.028057;,
   -0.000000;-0.005704;1.027279;,
   -0.000000;0.016371;1.070293;,
   0.027293;0.015352;1.074343;,
   0.021414;0.035153;1.103772;,
   -0.000000;0.034531;1.104230;,
   -0.000000;-0.012834;0.983771;,
   0.008588;-0.006881;0.944205;,
   0.011033;0.017205;0.928904;,
   0.034491;0.012171;0.922899;,
   0.013863;0.041593;0.924814;,
   0.000000;-0.000036;0.948154;,
   0.000000;0.022792;0.936015;,
   0.000000;0.041323;0.929871;,
   0.010200;0.077167;0.924861;,
   0.000000;0.078138;0.924405;,
   0.014072;0.077152;0.922861;,
   0.018432;0.041214;0.920016;,
   0.020996;0.039486;0.903271;,
   0.015817;0.077097;0.906521;,
   0.038889;0.013496;0.919560;,
   0.062768;-0.002090;0.903281;,
   0.065611;-0.005416;0.858151;,
   0.024088;0.034242;0.860384;,
   0.017755;0.072836;0.862057;,
   0.030603;0.025847;0.801410;,
   0.024573;0.065573;0.801649;,
   0.073040;-0.009428;0.800213;,
   0.098749;-0.002367;0.859774;,
   0.132417;0.011455;0.800932;,
   0.135573;0.016968;0.861499;,
   0.134072;0.020828;0.908646;,
   0.150197;0.062376;0.864753;,
   0.148725;0.066233;0.912849;,
   0.145059;0.065940;0.950396;,
   0.140986;0.109017;0.915124;,
   0.136627;0.107027;0.949745;,
   0.126145;0.104727;0.993316;,
   0.135293;0.070202;0.994693;,
   0.128532;0.036896;0.993373;,
   0.121832;0.077663;1.028327;,
   0.129848;0.018140;0.948354;,
   0.114161;0.106825;1.025256;,
   0.094964;0.135571;0.988026;,
   0.095434;0.136054;0.946343;,
   0.095302;0.137402;0.915392;,
   0.095465;0.135602;0.863000;,
   0.142888;0.106021;0.865016;,
   0.138744;0.100586;0.801302;,
   0.145746;0.055538;0.802109;,
   0.147384;0.050821;0.760389;,
   0.133883;0.007412;0.759825;,
   0.076998;-0.014538;0.759499;,
   0.036996;0.018784;0.760028;,
   0.028840;0.059423;0.760131;,
   0.140470;0.097361;0.759750;,
   0.062284;-0.020613;0.547723;,
   0.133690;-0.022741;0.542366;,
   0.100933;0.015868;0.361446;,
   0.097928;-0.078052;0.361071;,
   -0.132407;-0.044400;0.482529;,
   -0.148091;-0.023242;0.433894;,
   -0.136488;-0.055761;0.433933;,
   -0.144607;-0.013137;0.471720;,
   -0.135778;0.008586;0.433580;,
   -0.133542;0.014963;0.455707;,
   -0.131257;-0.032611;0.520092;,
   -0.144980;-0.002460;0.509329;,
   -0.146701;-0.006690;0.538406;,
   -0.150264;0.003603;0.528842;,
   -0.131704;0.027837;0.494387;,
   -0.097526;0.054995;0.478114;,
   -0.099843;0.035228;0.445011;,
   -0.135108;0.035539;0.511171;,
   -0.096157;0.065792;0.494089;,
   -0.056644;0.043062;0.508928;,
   -0.100891;0.030646;0.433155;,
   -0.072452;0.015434;0.433296;,
   -0.070431;0.019172;0.450734;,
   -0.054488;-0.021675;0.433737;,
   -0.052404;-0.012824;0.469270;,
   -0.063825;0.034222;0.490681;,
   -0.044873;-0.003068;0.507869;,
   -0.033447;0.007381;0.528908;,
   -0.074575;0.006039;0.361417;,
   -0.056731;-0.027627;0.361587;,
   -0.064261;-0.029620;0.256758;,
   -0.075775;-0.004333;0.256749;,
   -0.066914;-0.031365;0.134047;,
   -0.076724;-0.010141;0.133933;,
   -0.099607;0.001595;0.256811;,
   -0.091404;-0.003850;0.133880;,
   -0.121398;-0.013921;0.256765;,
   -0.108389;-0.012930;0.133933;,
   -0.116981;-0.031063;0.134054;,
   -0.130346;-0.033919;0.256624;,
   -0.109365;-0.050599;0.134149;,
   -0.119621;-0.056053;0.256418;,
   -0.093783;-0.069836;0.256503;,
   -0.091845;-0.059145;0.134180;,
   -0.075302;-0.051711;0.134149;,
   -0.070417;-0.055051;0.256606;,
   -0.064261;-0.029620;0.256758;,
   -0.066914;-0.031365;0.134047;,
   -0.134010;-0.061380;0.361529;,
   -0.145208;-0.031909;0.361908;,
   -0.064760;-0.059593;0.361310;,
   -0.056731;-0.027627;0.361587;,
   -0.134650;-0.003984;0.361849;,
   -0.100933;0.015868;0.361446;,
   -0.054488;-0.021675;0.433737;,
   -0.062849;-0.056948;0.433452;,
   -0.052404;-0.012824;0.469270;,
   -0.059788;-0.045623;0.481631;,
   -0.044873;-0.003068;0.507869;,
   -0.096439;-0.058787;0.488032;,
   -0.093859;-0.045648;0.523125;,
   -0.056930;-0.033801;0.519642;,
   -0.037300;-0.009364;0.538525;,
   -0.052615;-0.023864;0.541664;,
   -0.098169;-0.074080;0.433395;,
   -0.033447;0.007381;0.528908;,
   -0.092634;-0.031265;0.550935;,
   -0.124221;-0.019343;0.548507;,
   -0.125394;-0.013543;0.567238;,
   -0.091852;-0.026174;0.570871;,
   -0.090369;-0.025706;0.603720;,
   -0.130819;-0.010696;0.602245;,
   -0.157519;0.030526;0.596235;,
   -0.143618;0.019117;0.558190;,
   -0.136362;0.083392;0.580423;,
   -0.127188;0.060641;0.546181;,
   -0.056465;-0.014182;0.565767;,
   -0.045385;-0.009943;0.600275;,
   -0.038905;0.018785;0.556538;,
   -0.025139;0.027564;0.591838;,
   -0.095371;0.084712;0.537690;,
   -0.092711;0.113177;0.566892;,
   -0.048759;0.082368;0.579103;,
   -0.060296;0.062222;0.545193;,
   -0.038905;0.018785;0.556538;,
   -0.025139;0.027564;0.591838;,
   -0.137417;0.006372;0.535636;,
   -0.135013;-0.003401;0.544344;,
   -0.125066;0.037671;0.520654;,
   -0.097399;0.057005;0.510964;,
   -0.062249;0.039079;0.519450;,
   -0.043619;0.007642;0.535959;,
   -0.046620;-0.003478;0.543902;,
   -0.043619;0.007642;0.535959;,
   -0.064642;0.104052;0.634286;,
   -0.093572;0.115736;0.640357;,
   -0.118457;0.100895;0.633909;,
   -0.140945;0.076398;0.603923;,
   -0.138040;0.069405;0.623290;,
   -0.139906;0.032886;0.612503;,
   -0.121818;-0.000196;0.617116;,
   -0.087602;-0.014239;0.618730;,
   -0.052529;0.001598;0.615608;,
   -0.036744;0.032610;0.611653;,
   -0.038208;-0.001716;0.647967;,
   -0.023927;0.038243;0.645689;,
   -0.087600;-0.026583;0.648736;,
   -0.136169;-0.006785;0.647995;,
   -0.158854;0.036715;0.645516;,
   -0.144347;0.075648;0.639337;,
   -0.168672;0.040544;0.678528;,
   -0.157930;0.094186;0.678197;,
   -0.146792;0.095348;0.718715;,
   -0.154952;0.045823;0.719195;,
   -0.150148;-0.010189;0.678875;,
   -0.139720;0.000198;0.719139;,
   -0.087599;-0.035742;0.678742;,
   -0.081851;-0.023962;0.719009;,
   -0.034096;-0.001845;0.678828;,
   -0.038386;0.009554;0.719167;,
   -0.024138;0.043877;0.678590;,
   -0.028559;0.052191;0.719111;,
   -0.094342;0.127172;0.718778;,
   -0.093930;0.130533;0.678057;,
   -0.121764;0.101640;0.653704;,
   -0.093267;0.114984;0.661130;,
   -0.043599;0.112485;0.678297;,
   -0.048141;0.111233;0.718927;,
   -0.028559;0.052191;0.719111;,
   -0.024138;0.043877;0.678590;,
   -0.037273;0.075721;0.639997;,
   -0.062487;0.102987;0.654228;,
   -0.023927;0.038243;0.645689;,
   -0.041224;0.068828;0.624395;,
   -0.036744;0.032610;0.611653;,
   -0.042772;0.075598;0.601749;,
   -0.048096;0.112852;0.759841;,
   -0.094759;0.127991;0.759544;,
   -0.044141;0.114551;0.801041;,
   -0.095182;0.130200;0.800355;,
   -0.024573;0.065573;0.801649;,
   -0.028840;0.059423;0.760131;,
   -0.140470;0.097361;0.759750;,
   -0.138744;0.100586;0.801302;,
   -0.147384;0.050821;0.760389;,
   -0.145746;0.055538;0.802109;,
   -0.132417;0.011455;0.800932;,
   -0.133883;0.007412;0.759825;,
   -0.076998;-0.014538;0.759499;,
   -0.073040;-0.009428;0.800213;,
   -0.036996;0.018784;0.760028;,
   -0.030603;0.025847;0.801410;,
   -0.028840;0.059423;0.760131;,
   -0.024573;0.065573;0.801649;,
   -0.062284;-0.020613;0.547723;,
   -0.133690;-0.022741;0.542366;,
   -0.097928;-0.078052;0.361071;,
   -0.113817;-0.046093;1.369272;,
   -0.095783;-0.034426;1.372528;,
   -0.111252;-0.028063;1.372819;,
   -0.101531;-0.045324;1.369866;,
   -0.118852;-0.038176;1.370463;,
   -0.125729;-0.032994;1.379480;,
   -0.116458;-0.022965;1.380445;,
   -0.115406;-0.022076;1.389359;,
   -0.123400;-0.030801;1.392722;,
   -0.105107;-0.024176;1.399498;,
   -0.113525;-0.033798;1.404494;,
   -0.115075;-0.045916;1.354824;,
   -0.111464;-0.050517;1.359919;,
   -0.106580;-0.060347;1.330128;,
   -0.111836;-0.054046;1.328433;,
   -0.105444;-0.066336;1.300592;,
   -0.111273;-0.058975;1.304386;,
   -0.151209;-0.052606;1.282954;,
   -0.155014;-0.046209;1.286641;,
   -0.173646;-0.040538;1.277883;,
   -0.175632;-0.034274;1.282346;,
   -0.174600;-0.024035;1.276559;,
   -0.110147;-0.038799;1.406689;,
   -0.133545;-0.024980;1.416252;,
   -0.132121;-0.029641;1.420208;,
   -0.151419;-0.011882;1.426513;,
   -0.151713;-0.014436;1.431288;,
   -0.161176;0.012437;1.436110;,
   -0.159685;0.012438;1.430657;,
   -0.156122;0.037622;1.428946;,
   -0.156811;0.039511;1.433898;,
   -0.140125;0.059320;1.424340;,
   -0.140760;0.054839;1.420005;,
   -0.120235;0.074499;1.411953;,
   -0.122950;0.067834;1.409470;,
   -0.115267;0.058757;1.404450;,
   -0.131805;0.063941;1.398037;,
   -0.123203;0.056319;1.394001;,
   -0.133987;0.067431;1.384184;,
   -0.124650;0.059469;1.383330;,
   -0.126389;0.076653;1.375790;,
   -0.119217;0.066745;1.376696;,
   -0.158769;0.012437;1.450512;,
   -0.154145;0.037141;1.447960;,
   -0.145178;0.012463;1.448992;,
   -0.142322;0.029593;1.447699;,
   -0.133895;0.058311;1.437242;,
   -0.126146;0.047336;1.438420;,
   -0.110072;0.073960;1.422936;,
   -0.102978;0.064176;1.423792;,
   -0.109121;0.075346;1.417421;,
   -0.101339;0.065126;1.411590;,
   -0.101339;0.065126;1.411590;,
   -0.124175;0.084920;1.375984;,
   -0.103561;0.080915;1.377083;,
   -0.112989;0.090803;1.375691;,
   -0.122531;0.090834;1.367119;,
   -0.121151;0.108179;1.337470;,
   -0.109843;0.114123;1.339402;,
   -0.103561;0.080915;1.377083;,
   -0.099385;0.106129;1.335967;,
   -0.119394;0.131880;1.307125;,
   -0.111016;0.128234;1.301920;,
   -0.150517;0.104483;1.282188;,
   -0.143778;0.098810;1.274998;,
   -0.180481;0.083478;1.270500;,
   -0.177040;0.074807;1.261760;,
   -0.126638;0.119325;1.311823;,
   -0.161177;0.096263;1.291629;,
   -0.182844;0.080539;1.284953;,
   -0.180800;0.063774;1.281052;,
   -0.183031;0.073886;1.287063;,
   -0.187697;0.068296;1.291090;,
   -0.186363;0.058805;1.285025;,
   -0.197255;0.063200;1.289246;,
   -0.197495;0.069679;1.299793;,
   -0.165442;0.082826;1.295708;,
   -0.170898;0.083566;1.301997;,
   -0.162276;0.080143;1.319381;,
   -0.200141;0.059962;1.294671;,
   -0.221568;0.045618;1.335526;,
   -0.211199;0.047226;1.345465;,
   -0.235209;0.009786;1.349651;,
   -0.181556;0.064182;1.335227;,
   -0.207433;0.049630;1.358457;,
   -0.212522;0.029310;1.363556;,
   -0.202507;0.041389;1.366483;,
   -0.170840;0.060921;1.362778;,
   -0.176084;0.072113;1.349875;,
   -0.158424;0.086860;1.339892;,
   -0.155932;0.068832;1.358562;,
   -0.148674;0.095306;1.340266;,
   -0.150863;0.072555;1.361185;,
   -0.144306;0.087136;1.356711;,
   -0.148276;0.070230;1.370005;,
   -0.130142;0.086771;1.356630;,
   -0.130387;0.095354;1.334063;,
   -0.133561;0.098751;1.320583;,
   -0.140058;0.071081;1.375830;,
   -0.162516;0.087527;1.293011;,
   -0.128141;0.110043;1.313041;,
   -0.123962;0.100328;1.335768;,
   -0.124165;0.087206;1.361436;,
   -0.159154;0.056453;1.384355;,
   -0.186021;0.038598;1.393290;,
   -0.191966;0.011220;1.394993;,
   -0.212858;0.010821;1.367541;,
   -0.181403;-0.014430;1.390469;,
   -0.152150;-0.028339;1.379995;,
   -0.163232;-0.030838;1.358056;,
   -0.197545;-0.017340;1.363464;,
   -0.201192;-0.025379;1.354684;,
   -0.209383;-0.007003;1.361649;,
   -0.167706;-0.042288;1.344072;,
   -0.205453;-0.022362;1.341966;,
   -0.216059;-0.021575;1.332187;,
   -0.188898;-0.037697;1.294445;,
   -0.174720;-0.032805;1.330329;,
   -0.149663;-0.051851;1.332915;,
   -0.148720;-0.035467;1.353203;,
   -0.138813;-0.057012;1.332670;,
   -0.143366;-0.038391;1.355497;,
   -0.135364;-0.050429;1.349769;,
   -0.140512;-0.036911;1.364461;,
   -0.121967;-0.047051;1.349837;,
   -0.122021;-0.052197;1.326678;,
   -0.124778;-0.054823;1.312922;,
   -0.132153;-0.036692;1.370230;,
   -0.155419;-0.044474;1.313071;,
   -0.193125;-0.028103;1.290253;,
   -0.189687;-0.029927;1.284400;,
   -0.180526;-0.031977;1.286126;,
   -0.157888;-0.045358;1.289232;,
   -0.162504;-0.047378;1.294650;,
   -0.188172;-0.020625;1.278464;,
   -0.190798;-0.018831;1.281238;,
   -0.201854;-0.026276;1.284504;,
   -0.193957;-0.018462;1.278651;,
   -0.205703;-0.026248;1.273774;,
   -0.197037;-0.018871;1.269937;,
   -0.205300;-0.028401;1.262540;,
   -0.195501;-0.020911;1.258340;,
   -0.217869;-0.035811;1.243919;,
   -0.211747;-0.028233;1.235345;,
   -0.180214;-0.022165;1.280360;,
   -0.250675;-0.019276;1.261123;,
   -0.211747;-0.028233;1.235345;,
   -0.248220;-0.011993;1.253684;,
   -0.262211;0.011513;1.268187;,
   -0.258445;0.012515;1.260315;,
   -0.251831;0.038593;1.256427;,
   -0.255287;0.044032;1.264532;,
   -0.222178;0.061795;1.240777;,
   -0.225784;0.067736;1.248898;,
   -0.211620;0.061502;1.266659;,
   -0.205071;0.055057;1.262871;,
   -0.222178;0.061795;1.240777;,
   -0.206191;0.051524;1.275401;,
   -0.212013;0.057872;1.277807;,
   -0.202452;0.049729;1.285008;,
   -0.208712;0.057043;1.288775;,
   -0.196906;0.051361;1.288989;,
   -0.194183;0.054522;1.283469;,
   -0.237926;0.042380;1.280161;,
   -0.242486;0.012718;1.281985;,
   -0.235385;0.011203;1.321596;,
   -0.222304;0.040841;1.331339;,
   -0.233092;-0.015731;1.277152;,
   -0.217601;-0.016594;1.328466;,
