xof 0303txt 0032
template ColorRGBA {
 <35ff44e0-6c7c-11cf-8f52-0040333594a3>
 FLOAT red;
 FLOAT green;
 FLOAT blue;
 FLOAT alpha;
}

template ColorRGB {
 <d3e16e81-7835-11cf-8f52-0040333594a3>
 FLOAT red;
 FLOAT green;
 FLOAT blue;
}

template Material {
 <3d82ab4d-62da-11cf-ab39-0020af71e433>
 ColorRGBA faceColor;
 FLOAT power;
 ColorRGB specularColor;
 ColorRGB emissiveColor;
 [...]
}

template TextureFilename {
 <a42790e1-7810-11cf-8f52-0040333594a3>
 STRING filename;
}

template Frame {
 <3d82ab46-62da-11cf-ab39-0020af71e433>
 [...]
}

template Matrix4x4 {
 <f6f23f45-7686-11cf-8f52-0040333594a3>
 array FLOAT matrix[16];
}

template FrameTransformMatrix {
 <f6f23f41-7686-11cf-8f52-0040333594a3>
 Matrix4x4 frameMatrix;
}

template Vector {
 <3d82ab5e-62da-11cf-ab39-0020af71e433>
 FLOAT x;
 FLOAT y;
 FLOAT z;
}

template MeshFace {
 <3d82ab5f-62da-11cf-ab39-0020af71e433>
 DWORD nFaceVertexIndices;
 array DWORD faceVertexIndices[nFaceVertexIndices];
}

template Mesh {
 <3d82ab44-62da-11cf-ab39-0020af71e433>
 DWORD nVertices;
 array Vector vertices[nVertices];
 DWORD nFaces;
 array MeshFace faces[nFaces];
 [...]
}

template MeshNormals {
 <f6f23f43-7686-11cf-8f52-0040333594a3>
 DWORD nNormals;
 array Vector normals[nNormals];
 DWORD nFaceNormals;
 array MeshFace faceNormals[nFaceNormals];
}

template MeshMaterialList {
 <f6f23f42-7686-11cf-8f52-0040333594a3>
 DWORD nMaterials;
 DWORD nFaceIndexes;
 array DWORD faceIndexes[nFaceIndexes];
 [Material <3d82ab4d-62da-11cf-ab39-0020af71e433>]
}

template Coords2d {
 <f6f23f44-7686-11cf-8f52-0040333594a3>
 FLOAT u;
 FLOAT v;
}

template MeshTextureCoords {
 <f6f23f40-7686-11cf-8f52-0040333594a3>
 DWORD nTextureCoords;
 array Coords2d textureCoords[nTextureCoords];
}

template XSkinMeshHeader {
 <3cf169ce-ff7c-44ab-93c0-f78f62d172e2>
 WORD nMaxSkinWeightsPerVertex;
 WORD nMaxSkinWeightsPerFace;
 WORD nBones;
}

template SkinWeights {
 <6f0d123b-bad2-4167-a0d0-80224f25fabb>
 STRING transformNodeName;
 DWORD nWeights;
 array DWORD vertexIndices[nWeights];
 array FLOAT weights[nWeights];
 Matrix4x4 matrixOffset;
}


Material Katana_M13_78_4_Material {
 1.000000;1.000000;1.000000;1.000000;;
 33.219280;
 0.020000;0.020000;0.020000;;
 0.000000;0.000000;0.000000;;

 TextureFilename {
  "Katana_M13_78_4.png";
 }
}

Material Katana_M13_78_4_Blade_Material {
 1.000000;1.000000;1.000000;1.000000;;
 43.219280;
 0.020000;0.020000;0.020000;;
 0.000000;0.000000;0.000000;;

 TextureFilename {
  "Katana_M13_78_5.png";
 }
}

Material Avatar_Sakura_Material_Eye_L {
 1.000000;1.000000;1.000000;1.000000;;
 43.219280;
 0.020000;0.020000;0.020000;;
 0.000000;0.000000;0.000000;;

 TextureFilename {
  "1.png";
 }
}

Material Avatar_Sakura_Material_Eye_R {
 1.000000;1.000000;1.000000;1.000000;;
 43.219280;
 0.020000;0.020000;0.020000;;
 0.000000;0.000000;0.000000;;

 TextureFilename {
  "1.png";
 }
}

Material Avatar_Sakura_Material_Mouth {
 1.000000;1.000000;1.000000;1.000000;;
 43.219280;
 0.020000;0.020000;0.020000;;
 0.000000;0.000000;0.000000;;

 TextureFilename {
  "1 (1).png";
 }
}

Material Avatar_Sakura_C1_Material_Body {
 1.000000;1.000000;1.000000;1.000000;;
 33.219280;
 0.020000;0.020000;0.020000;;
 0.000000;0.000000;0.000000;;

 TextureFilename {
  "Avatar_Yae_sakura_C1_Texture_Body_Color.png";
 }
}

Material Avatar_Sakura_C1_Material_Skin {
 1.000000;1.000000;1.000000;1.000000;;
 33.219280;
 0.020000;0.020000;0.020000;;
 0.000000;0.000000;0.000000;;

 TextureFilename {
  "Avatar_Yae_sakura_C1_Texture_Body_Color.png";
 }
}

Material Avatar_Sakura_C1_Material_Face {
 1.000000;1.000000;1.000000;1.000000;;
 33.219280;
 0.020000;0.020000;0.020000;;
 0.000000;0.000000;0.000000;;

 TextureFilename {
  "Avatar_Yae_sakura_C0_Texture_Face_Color.png";
 }
}

Material Avatar_Sakura_C1_Material_Hair {
 1.000000;1.000000;1.000000;1.000000;;
 33.219280;
 0.020000;0.020000;0.020000;;
 0.000000;0.000000;0.000000;;

 TextureFilename {
  "Avatar_Yae_sakura_C0_Texture_Hair_Color.png";
 }
}

Frame NPC_Sakura {
 

 FrameTransformMatrix {
  0.393701,0.000000,0.000000,0.000000,0.000000,-0.000000,-0.393701,0.000000,0.000000,0.393701,-0.000000,0.000000,0.000000,0.000000,0.000000,1.000000;;
 }

 Frame Avatar_Sakura_C1_YS {
  

  FrameTransformMatrix {
   0.950000,0.000000,0.000000,0.000000,0.000000,0.950000,0.000000,0.000000,0.000000,0.000000,0.950000,0.000000,0.000000,0.000000,0.000000,1.000000;;
  }

  Frame Bip001 {
   

   FrameTransformMatrix {
    0.000001,1.000000,0.000000,0.000000,0.000000,-0.000000,1.000000,0.000000,1.000000,-0.000001,-0.000000,0.000000,0.000000,0.048154,1.090668,1.000000;;
   }

   Frame Bip001_Pelvis {
    

    FrameTransformMatrix {
     -0.000000,1.000000,0.000000,0.000000,-0.000002,-0.000000,1.000000,0.000000,1.000000,0.000000,0.000002,0.000000,0.000000,0.000000,0.000000,1.000000;;
    }

    Frame Bip001_Spine {
     

     FrameTransformMatrix {
      1.000000,0.000001,0.000796,0.000000,-0.000001,1.000000,0.000004,0.000000,-0.000796,-0.000004,1.000000,0.000000,0.084229,0.000000,-0.000052,1.000000;;
     }

     Frame Bip001_L_Thigh {
      

      FrameTransformMatrix {
       -0.996361,-0.018368,-0.083238,0.000000,0.018272,-0.999831,0.001906,0.000000,-0.083259,0.000378,0.996528,0.000000,-0.084228,0.075602,0.000119,1.000000;;
      }

      Frame Bip001_L_Calf {
       

       FrameTransformMatrix {
        0.999984,0.000000,0.005715,0.000000,0.000000,1.000000,0.000000,0.000000,-0.005715,-0.000000,0.999984,0.000000,0.419145,0.000000,0.000000,1.000000;;
       }

       Frame Bip001_L_Foot {
        

        FrameTransformMatrix {
         0.996758,-0.018271,0.078357,0.000000,0.021067,0.999165,-0.035014,0.000000,-0.077652,0.036551,0.996310,0.000000,0.504540,-0.000000,0.000000,1.000000;;
        }

        Frame Bip001_L_Toe0 {
         

         FrameTransformMatrix {
          -0.000000,0.000000,1.000000,0.000000,-0.000000,1.000000,-0.000000,0.000000,-1.000000,-0.000000,-0.000000,0.000000,0.166297,0.000000,0.096628,1.000000;;
         }
        }
       }
      }
     }

     Frame Bip001_R_Thigh {
      

      FrameTransformMatrix {
       -0.996360,0.018367,-0.083238,0.000000,-0.018272,-0.999831,-0.001901,0.000000,-0.083259,-0.000373,0.996528,0.000000,-0.084228,-0.075602,0.000120,1.000000;;
      }

      Frame Bip001_R_Calf {
       

       FrameTransformMatrix {
        0.999984,0.000000,0.005715,0.000000,-0.000000,1.000000,-0.000000,0.000000,-0.005715,0.000000,0.999984,0.000000,0.419145,-0.000000,-0.000000,1.000000;;
       }

       Frame Bip001_R_Foot {
        

        FrameTransformMatrix {
         0.996758,0.018271,0.078357,0.000000,-0.021067,0.999165,0.035014,0.000000,-0.077652,-0.036551,0.996310,0.000000,0.504540,0.000000,-0.000000,1.000000;;
        }

        Frame Bip001_R_Toe0 {
         

         FrameTransformMatrix {
          -0.000000,-0.000000,1.000000,0.000000,0.000000,1.000000,-0.000000,0.000000,-1.000000,-0.000000,-0.000000,0.000000,0.166297,-0.000000,0.096628,1.000000;;
         }
        }
       }
      }
     }

     Frame Bip001_Spine1 {
      

      FrameTransformMatrix {
       1.000000,0.000000,0.000000,0.000000,0.000000,1.000000,0.000000,0.000000,0.000000,-0.000000,1.000000,0.000000,0.065871,-0.000000,-0.000059,1.000000;;
      }

      Frame Bip001_Spine2 {
       

       FrameTransformMatrix {
        0.993419,-0.000000,-0.114540,0.000000,0.000000,1.000000,-0.000000,0.000000,0.114540,-0.000000,0.993419,0.000000,0.074063,-0.000000,-0.000135,1.000000;;
       }

       Frame Bip001_Neck {
        

        FrameTransformMatrix {
         0.958278,0.000001,0.285839,0.000000,-0.000001,1.000000,-0.000000,0.000000,-0.285839,-0.000000,0.958278,0.000000,0.187612,-0.000000,-0.032742,1.000000;;
        }

        Frame Bip001_Head {
         

         FrameTransformMatrix {
          0.996327,-0.000000,-0.085632,0.000000,0.000000,1.000000,-0.000000,0.000000,0.085632,-0.000000,0.996327,0.000000,0.082969,-0.000000,0.000000,1.000000;;
         }

         Frame Bone001 {
          

          FrameTransformMatrix {
           -0.959991,0.000000,-0.280033,0.000000,-0.000000,-1.000000,0.000001,0.000000,-0.280033,0.000001,0.959990,0.000000,0.018523,0.000000,-0.087329,1.000000;;
          }

          Frame Bone002 {
           

           FrameTransformMatrix {
            0.994892,-0.000000,-0.100950,0.000000,0.000000,1.000000,0.000000,0.000000,0.100950,-0.000000,0.994892,0.000000,0.155509,0.000000,0.000000,1.000000;;
           }

           Frame Bone003 {
            

            FrameTransformMatrix {
             0.996584,0.000000,0.082589,0.000000,0.000000,1.000000,0.000000,0.000000,-0.082589,0.000000,0.996584,0.000000,0.156648,0.000000,0.000000,1.000000;;
            }

            Frame Bone004 {
             

             FrameTransformMatrix {
              0.992034,-0.000000,0.125977,0.000000,-0.000000,1.000000,0.000000,0.000000,-0.125977,-0.000000,0.992034,0.000000,0.161352,0.000000,0.000000,1.000000;;
             }

             Frame Bone005 {
              

              FrameTransformMatrix {
               0.980897,0.000000,0.194525,0.000000,0.000000,1.000000,0.000000,0.000000,-0.194525,-0.000000,0.980897,0.000000,0.155266,0.000000,-0.000000,1.000000;;
              }

              Frame Bone006 {
               

               FrameTransformMatrix {
                0.975094,-0.000000,0.221793,0.000000,0.000000,1.000000,0.000001,0.000000,-0.221793,-0.000001,0.975094,0.000000,0.178269,0.000000,-0.000000,1.000000;;
               }

               Frame Bone007 {
                

                FrameTransformMatrix {
                 0.974169,-0.000001,0.225820,0.000000,0.000000,1.000000,0.000002,0.000000,-0.225820,-0.000002,0.974169,0.000000,0.171983,0.000000,0.000000,1.000000;;
                }
               }
              }
             }
            }
           }
          }
         }

         Frame Bone016 {
          

          FrameTransformMatrix {
           -0.618692,-0.534309,-0.575965,0.000000,0.070058,-0.767721,0.636943,0.000000,-0.782504,0.353720,0.512415,0.000000,0.045766,-0.064047,-0.086958,1.000000;;
          }
         }

         Frame Bone016_mirrored_ {
          

          FrameTransformMatrix {
           -0.618692,0.534307,-0.575966,0.000000,0.070058,0.767723,0.636941,0.000000,0.782504,0.353719,-0.512416,0.000000,0.045765,0.064050,-0.086959,1.000000;;
          }
         }

         Frame Bone019 {
          

          FrameTransformMatrix {
           0.499135,-0.367078,-0.784931,0.000000,0.002760,-0.905161,0.425060,0.000000,-0.866520,-0.214329,-0.450785,0.000000,0.229426,-0.067025,-0.024962,1.000000;;
          }

          Frame Bone021 {
           

           FrameTransformMatrix {
            0.984951,0.054415,-0.164041,0.000000,-0.053986,0.998517,0.007078,0.000000,0.164183,0.001884,0.986428,0.000000,0.179444,0.000000,-0.000001,1.000000;;
           }
          }
         }

         Frame Bone019_mirrored_ {
          

          FrameTransformMatrix {
           0.499136,0.367076,-0.784932,0.000000,0.002760,0.905163,0.425057,0.000000,0.866519,-0.214328,0.450786,0.000000,0.229426,0.067020,-0.024962,1.000000;;
          }

          Frame Bone021_mirrored_ {
           

           FrameTransformMatrix {
            0.984952,0.054415,0.164040,0.000000,-0.053986,0.998517,-0.007078,0.000000,-0.164182,-0.001884,0.986428,0.000000,0.179444,0.000000,0.000001,1.000000;;
           }
          }
         }

         Frame Bone049 {
          

          FrameTransformMatrix {
           -0.963010,0.099853,0.250284,0.000000,0.253880,0.024895,0.966915,0.000000,0.090319,0.994691,-0.049325,0.000000,0.090405,-0.083149,0.019683,1.000000;;
          }
         }

         Frame Bone049_mirrored_ {
          

          FrameTransformMatrix {
           -0.963009,-0.099852,0.250285,0.000000,0.253881,-0.024892,0.966915,0.000000,-0.090319,0.994691,0.049322,0.000000,0.090405,0.083150,0.019683,1.000000;;
          }
         }
        }

        Frame Bip001_L_Clavicle {
         

         FrameTransformMatrix {
          -0.071153,0.997238,0.021283,0.000000,0.955404,0.074268,-0.285811,0.000000,-0.286602,-0.000003,-0.958050,0.000000,-0.015009,0.034390,-0.007523,1.000000;;
         }

         Frame Bip001_L_UpperArm {
          

          FrameTransformMatrix {
           0.736615,-0.669740,0.094050,0.000000,0.674008,0.715502,-0.183767,0.000000,0.055783,0.198756,0.978460,0.000000,0.091477,-0.000000,-0.000000,1.000000;;
          }

          Frame Bip001_L_Forearm {
           

           FrameTransformMatrix {
            0.999038,-0.000000,-0.043852,0.000000,0.000000,1.000000,-0.000000,0.000000,0.043852,0.000000,0.999038,0.000000,0.237186,-0.000000,0.000000,1.000000;;
           }

           Frame Bip001_L_Hand {
            

            FrameTransformMatrix {
             0.997390,-0.072188,0.001227,0.000000,-0.011566,-0.142976,0.989659,0.000000,-0.071267,-0.987090,-0.143438,0.000000,0.223800,0.000000,0.000000,1.000000;;
            }

            Frame Bip001_L_Finger0 {
             

             FrameTransformMatrix {
              0.745066,-0.642874,0.177738,0.000000,0.509860,0.377144,-0.773178,0.000000,0.430023,0.666690,0.608772,0.000000,0.025953,-0.014999,0.014605,1.000000;;
             }

             Frame Bip001_L_Finger01 {
              

              FrameTransformMatrix {
               0.973726,0.000000,0.227723,0.000000,-0.000000,1.000000,0.000000,0.000000,-0.227723,-0.000000,0.973726,0.000000,0.036432,-0.000000,-0.000000,1.000000;;
              }

              Frame Bip001_L_Finger02 {
               

               FrameTransformMatrix {
                0.999853,-0.000000,0.017141,0.000000,0.000000,1.000000,-0.000000,0.000000,-0.017141,0.000000,0.999853,0.000000,0.030692,0.000000,0.000000,1.000000;;
               }
              }
             }
            }

            Frame Bip001_L_Finger1 {
             

             FrameTransformMatrix {
              0.974343,-0.223500,-0.026535,0.000000,0.223583,0.974685,0.000156,0.000000,0.025828,-0.006085,0.999648,0.000000,0.077852,-0.017755,-0.001597,1.000000;;
             }

             Frame Bip001_L_Finger11 {
              

              FrameTransformMatrix {
               0.992428,-0.000000,-0.122825,0.000000,0.000000,1.000000,0.000000,0.000000,0.122825,0.000000,0.992429,0.000000,0.032556,-0.000000,0.000000,1.000000;;
              }

              Frame Bip001_L_Finger12 {
               

               FrameTransformMatrix {
                0.999546,0.000000,-0.030135,0.000000,0.000000,1.000000,0.000000,0.000000,0.030135,0.000000,0.999546,0.000000,0.022259,0.000000,0.000000,1.000000;;
               }
              }
             }
            }

            Frame Bip001_L_Finger2 {
             

             FrameTransformMatrix {
              0.997956,0.032157,-0.055233,0.000000,-0.032162,0.999483,0.000796,0.000000,0.055230,0.000982,0.998473,0.000000,0.077692,0.001554,-0.002724,1.000000;;
             }

             Frame Bip001_L_Finger21 {
              

              FrameTransformMatrix {
               0.999991,0.000000,0.004280,0.000000,-0.000000,1.000000,0.000000,0.000000,-0.004280,-0.000000,0.999991,0.000000,0.035698,-0.000000,0.000000,1.000000;;
              }

              Frame Bip001_L_Finger22 {
               

               FrameTransformMatrix {
                0.999845,-0.000000,-0.017609,0.000000,-0.000000,1.000000,0.000000,0.000000,0.017609,-0.000000,0.999845,0.000000,0.027462,-0.000000,-0.000000,1.000000;;
               }
              }
             }
            }

            Frame Bip001_L_Finger3 {
             

             FrameTransformMatrix {
              0.954635,0.290327,-0.066200,0.000000,-0.265955,0.931273,0.248995,0.000000,0.133940,-0.220093,0.966240,0.000000,0.076548,0.020774,0.003138,1.000000;;
             }

             Frame Bip001_L_Finger31 {
              

              FrameTransformMatrix {
               0.999166,-0.000000,-0.040837,0.000000,0.000000,1.000000,0.000000,0.000000,0.040837,-0.000000,0.999166,0.000000,0.032988,-0.000000,-0.000000,1.000000;;
              }

              Frame Bip001_L_Finger32 {
               

               FrameTransformMatrix {
                0.999571,0.000000,0.029273,0.000000,-0.000000,1.000000,-0.000000,0.000000,-0.029273,-0.000000,0.999571,0.000000,0.026982,0.000000,0.000000,1.000000;;
               }
              }
             }
            }

            Frame Bip001_L_Finger4 {
             

             FrameTransformMatrix {
              0.859034,0.504850,0.084774,0.000000,-0.507354,0.817558,0.272378,0.000000,0.068202,-0.276992,0.958449,0.000000,0.064255,0.032365,0.009930,1.000000;;
             }

             Frame Bip001_L_Finger41 {
              

              FrameTransformMatrix {
               0.998072,0.000000,-0.062076,0.000000,-0.000000,1.000000,-0.000000,0.000000,0.062076,0.000000,0.998072,0.000000,0.027415,0.000000,0.000000,1.000000;;
              }

              Frame Bip001_L_Finger42 {
               

               FrameTransformMatrix {
                0.999941,0.000000,-0.010850,0.000000,-0.000000,1.000000,0.000000,0.000000,0.010850,-0.000000,0.999941,0.000000,0.016412,0.000000,0.000000,1.000000;;
               }
              }
             }
            }
           }
          }

          Frame Bone023_mirrored_ {
           

           FrameTransformMatrix {
            0.768929,-0.638468,0.033261,0.000000,-0.149016,-0.229571,-0.961817,0.000000,0.621725,0.734613,-0.271666,0.000000,0.223018,-0.061754,0.008571,1.000000;;
           }

           Frame Bone024_mirrored_ {
            

            FrameTransformMatrix {
             0.999970,-0.000000,-0.007780,0.000000,0.000000,1.000000,-0.000005,0.000000,0.007780,0.000005,0.999969,0.000000,0.183361,-0.000000,-0.000000,1.000000;;
            }

            Frame Bone025_mirrored_ {
             

             FrameTransformMatrix {
              0.999907,0.000000,-0.013623,0.000000,-0.000000,1.000000,-0.000003,0.000000,0.013623,0.000003,0.999908,0.000000,0.174298,0.000000,0.000000,1.000000;;
             }

             Frame Bone026_mirrored_ {
              

              FrameTransformMatrix {
               0.999990,0.000000,-0.004582,0.000000,0.000000,1.000000,0.000003,0.000000,0.004582,-0.000003,0.999989,0.000000,0.185835,0.000000,0.000000,1.000000;;
              }
             }
            }
           }
          }
         }
        }

        Frame Bip001_R_Clavicle {
         

         FrameTransformMatrix {
          -0.071153,-0.997238,0.021288,0.000000,-0.955404,0.074269,0.285811,0.000000,-0.286602,-0.000003,-0.958050,0.000000,-0.015009,-0.034390,-0.007523,1.000000;;
         }

         Frame Bip001_R_UpperArm {
          

          FrameTransformMatrix {
           0.736616,0.669741,0.094050,0.000000,-0.674008,0.715502,0.183767,0.000000,0.055783,-0.198756,0.978460,0.000000,0.091477,-0.000000,-0.000000,1.000000;;
          }

          Frame Bip001_R_Forearm {
           

           FrameTransformMatrix {
            0.999038,0.000000,-0.043852,0.000000,0.000000,1.000000,0.000000,0.000000,0.043852,0.000000,0.999038,0.000000,0.237186,0.000000,0.000000,1.000000;;
           }

           Frame Bip001_R_Hand {
            

            FrameTransformMatrix {
             0.997390,0.072189,0.001227,0.000000,0.011566,-0.142976,-0.989659,0.000000,-0.071267,0.987090,-0.143438,0.000000,0.223800,-0.000000,0.000000,1.000000;;
            }

            Frame Bip001_R_Finger0 {
             

             FrameTransformMatrix {
              0.745066,0.642873,0.177738,0.000000,-0.509860,0.377144,0.773178,0.000000,0.430023,-0.666690,0.608772,0.000000,0.025953,0.014999,0.014605,1.000000;;
             }

             Frame Bip001_R_Finger01 {
              

              FrameTransformMatrix {
               0.973726,-0.000000,0.227723,0.000000,0.000000,1.000000,0.000000,0.000000,-0.227723,0.000000,0.973726,0.000000,0.036432,-0.000000,0.000000,1.000000;;
              }

              Frame Bip001_R_Finger02 {
               

               FrameTransformMatrix {
                0.999853,0.000000,0.017141,0.000000,-0.000000,1.000000,0.000000,0.000000,-0.017141,0.000000,0.999853,0.000000,0.030692,0.000000,-0.000000,1.000000;;
               }
              }
             }
            }

            Frame Bip001_R_Finger1 {
             

             FrameTransformMatrix {
              0.974343,0.223500,-0.026535,0.000000,-0.223583,0.974685,-0.000156,0.000000,0.025828,0.006085,0.999647,0.000000,0.077852,0.017755,-0.001597,1.000000;;
             }

             Frame Bip001_R_Finger11 {
              

              FrameTransformMatrix {
               0.992429,-0.000000,-0.122825,0.000000,0.000000,1.000000,-0.000000,0.000000,0.122825,0.000000,0.992429,0.000000,0.032556,-0.000000,0.000000,1.000000;;
              }

              Frame Bip001_R_Finger12 {
               

               FrameTransformMatrix {
                0.999546,0.000000,-0.030135,0.000000,0.000000,1.000000,-0.000000,0.000000,0.030135,0.000000,0.999546,0.000000,0.022259,-0.000000,0.000000,1.000000;;
               }
              }
             }
            }

            Frame Bip001_R_Finger2 {
             

             FrameTransformMatrix {
              0.997956,-0.032157,-0.055233,0.000000,0.032162,0.999483,-0.000796,0.000000,0.055230,-0.000982,0.998473,0.000000,0.082384,-0.001705,-0.002984,1.000000;;
             }

             Frame Bip001_R_Finger21 {
              

              FrameTransformMatrix {
               0.999991,0.000000,0.004280,0.000000,-0.000000,1.000000,0.000000,0.000000,-0.004280,-0.000000,0.999991,0.000000,0.032462,-0.000000,0.000000,1.000000;;
              }

              Frame Bip001_R_Finger22 {
               

               FrameTransformMatrix {
                0.999845,-0.000000,-0.017609,0.000000,-0.000000,1.000000,0.000000,0.000000,0.017609,-0.000000,0.999845,0.000000,0.025593,-0.000000,0.000000,1.000000;;
               }
              }
             }
            }

            Frame Bip001_R_Finger3 {
             

             FrameTransformMatrix {
              0.954635,-0.290327,-0.066200,0.000000,0.265955,0.931273,-0.248995,0.000000,0.133940,0.220093,0.966240,0.000000,0.076548,-0.020774,0.003138,1.000000;;
             }

             Frame Bip001_R_Finger31 {
              

              FrameTransformMatrix {
               0.999166,-0.000000,-0.040837,0.000000,0.000000,1.000000,-0.000000,0.000000,0.040838,0.000000,0.999166,0.000000,0.032988,-0.000000,0.000000,1.000000;;
              }

              Frame Bip001_R_Finger32 {
               

               FrameTransformMatrix {
                0.999571,0.000000,0.029273,0.000000,-0.000000,1.000000,0.000000,0.000000,-0.029273,-0.000000,0.999571,0.000000,0.024844,0.000000,0.000000,1.000000;;
               }
              }
             }
            }

            Frame Bip001_R_Finger4 {
             

             FrameTransformMatrix {
              0.859034,-0.504850,0.084774,0.000000,0.507354,0.817558,-0.272378,0.000000,0.068202,0.276992,0.958449,0.000000,0.064255,-0.032365,0.009930,1.000000;;
             }

             Frame Bip001_R_Finger41 {
              

              FrameTransformMatrix {
               0.998071,0.000000,-0.062076,0.000000,-0.000000,1.000000,-0.000000,0.000000,0.062076,-0.000000,0.998071,0.000000,0.027415,0.000000,0.000000,1.000000;;
              }

              Frame Bip001_R_Finger42 {
               

               FrameTransformMatrix {
                0.999941,0.000000,-0.010850,0.000000,0.000000,1.000000,-0.000000,0.000000,0.010850,-0.000000,0.999941,0.000000,0.016412,-0.000000,0.000000,1.000000;;
               }
              }
             }
            }
           }
          }

          Frame Bone023 {
           

           FrameTransformMatrix {
            0.768929,0.638469,0.033261,0.000000,-0.149013,0.229568,-0.961819,0.000000,-0.621726,0.734614,0.271662,0.000000,0.223020,0.061753,0.008572,1.000000;;
           }

           Frame Bone024 {
            

            FrameTransformMatrix {
             0.999970,-0.000000,0.007780,0.000000,0.000000,1.000000,0.000006,0.000000,-0.007780,-0.000006,0.999970,0.000000,0.183360,0.000000,-0.000000,1.000000;;
            }

            Frame Bone025 {
             

             FrameTransformMatrix {
              0.999907,0.000000,0.013623,0.000000,-0.000000,1.000000,0.000003,0.000000,-0.013623,-0.000002,0.999907,0.000000,0.174298,0.000000,-0.000000,1.000000;;
             }

             Frame Bone026 {
              

              FrameTransformMatrix {
               0.999990,-0.000000,0.004581,0.000000,0.000000,1.000000,-0.000002,0.000000,-0.004581,0.000002,0.999990,0.000000,0.185835,0.000000,-0.000000,1.000000;;
              }
             }
            }
           }
          }
         }
        }
       }

       Frame Bone047 {
        

        FrameTransformMatrix {
         0.146752,-0.389478,0.909270,0.000000,-0.062057,-0.921036,-0.384502,0.000000,0.987225,-0.000000,-0.159334,0.000000,0.060274,-0.046767,0.040700,1.000000;;
        }
       }

       Frame Bone047_mirrored_ {
        

        FrameTransformMatrix {
         0.146752,0.389481,0.909269,0.000000,-0.062057,0.921035,-0.384505,0.000000,-0.987225,0.000000,0.159333,0.000000,0.060274,0.046770,0.040700,1.000000;;
        }
       }
      }

      Frame Bone028 {
       

       FrameTransformMatrix {
        -0.034168,-0.918914,-0.392977,0.000000,0.013737,0.392738,-0.919548,0.000000,0.999322,-0.036817,-0.000796,0.000000,0.037699,-0.035075,-0.088270,1.000000;;
       }
      }

      Frame Bone028_mirrored_ {
       

       FrameTransformMatrix {
        -0.034168,0.918913,-0.392979,0.000000,0.013736,-0.392740,-0.919547,0.000000,-0.999322,-0.036817,0.000797,0.000000,0.037700,0.035080,-0.088270,1.000000;;
       }
      }

      Frame Bone030 {
       

       FrameTransformMatrix {
        -0.886886,-0.226908,-0.402425,0.000000,0.182092,-0.972247,0.146899,0.000000,-0.424589,0.057004,0.903590,0.000000,0.007506,-0.051464,-0.099143,1.000000;;
       }

       Frame Bone031 {
        

        FrameTransformMatrix {
         0.996276,0.000000,0.086218,0.000000,0.000000,1.000000,-0.000000,0.000000,-0.086218,0.000000,0.996276,0.000000,0.181525,-0.000000,0.000000,1.000000;;
        }

        Frame Bone032 {
         

         FrameTransformMatrix {
          1.000001,0.000000,0.000000,0.000000,-0.000000,1.000000,0.000000,0.000000,-0.000000,0.000000,1.000001,0.000000,0.150061,0.000000,0.000000,1.000000;;
         }
        }
       }
      }

      Frame Bone030_mirrored_ {
       

       FrameTransformMatrix {
        -0.886886,0.226907,-0.402426,0.000000,0.182092,0.972247,0.146896,0.000000,0.424588,0.057001,-0.903590,0.000000,0.007506,0.051460,-0.099143,1.000000;;
       }

       Frame Bone031_mirrored_ {
        

        FrameTransformMatrix {
         1.000000,0.000000,-0.000000,0.000000,0.000000,1.000000,0.000000,0.000000,0.000000,0.000000,1.000000,0.000000,0.181525,0.000000,-0.000000,1.000000;;
        }

        Frame Bone032_mirrored_ {
         

         FrameTransformMatrix {
          1.000000,-0.000000,0.000000,0.000000,-0.000000,1.000000,-0.000000,0.000000,0.000000,0.000000,1.000000,0.000000,0.150062,-0.000000,0.000000,1.000000;;
         }
        }
       }
      }
     }
    }

    Frame Bone034 {
     

     FrameTransformMatrix {
      -0.981829,-0.189528,0.009615,0.000000,0.082666,-0.381533,0.920651,0.000000,-0.170821,0.904716,0.390268,0.000000,0.095644,-0.056571,0.082180,1.000000;;
     }

     Frame Bone035 {
      

      FrameTransformMatrix {
       0.996871,0.000000,-0.079048,0.000000,-0.000000,1.000000,0.000001,0.000000,0.079048,-0.000000,0.996871,0.000000,0.094220,0.000000,0.000000,1.000000;;
      }
     }
    }

    Frame Bone034_mirrored_ {
     

     FrameTransformMatrix {
      -0.981829,0.189526,0.009617,0.000000,0.082665,0.381527,0.920654,0.000000,0.170818,0.904719,-0.390262,0.000000,0.095644,0.056570,0.082180,1.000000;;
     }

     Frame Bone035_mirrored_ {
      

      FrameTransformMatrix {
       0.996871,0.000000,0.079048,0.000000,-0.000000,1.000000,-0.000001,0.000000,-0.079048,0.000001,0.996871,0.000000,0.094220,-0.000000,0.000000,1.000000;;
      }
     }
    }

    Frame Bone037 {
     

     FrameTransformMatrix {
      -0.906627,-0.383319,-0.176333,0.000000,-0.161647,-0.070480,0.984329,0.000000,-0.389740,0.920923,0.001937,0.000000,0.105963,-0.126031,0.010950,1.000000;;
     }

     Frame Bone038 {
      

      FrameTransformMatrix {
       0.982688,-0.000000,0.185267,0.000000,-0.000000,1.000000,0.000000,0.000000,-0.185267,-0.000000,0.982688,0.000000,0.094723,0.000000,0.000000,1.000000;;
      }
     }
    }

    Frame Bone037_mirrored_ {
     

     FrameTransformMatrix {
      -0.906628,0.383319,-0.176331,0.000000,-0.161647,0.070473,0.984329,0.000000,0.389738,0.920924,-0.001931,0.000000,0.105963,0.126030,0.010951,1.000000;;
     }

     Frame Bone038_mirrored_ {
      

      FrameTransformMatrix {
       0.982688,-0.000000,-0.185267,0.000000,-0.000000,1.000000,-0.000001,0.000000,0.185267,0.000001,0.982688,0.000000,0.094723,-0.000000,-0.000000,1.000000;;
      }
     }
    }

    Frame Bone040 {
     

     FrameTransformMatrix {
      -0.831183,-0.229348,-0.506493,0.000000,0.550684,-0.213924,-0.806836,0.000000,0.076695,-0.949546,0.304108,0.000000,0.112544,-0.045898,-0.059485,1.000000;;
     }

     Frame Bone041 {
      

      FrameTransformMatrix {
       0.949716,-0.297208,-0.098519,0.000000,0.295622,0.954812,-0.030665,0.000000,0.103181,-0.000001,0.994662,0.000000,0.096647,-0.000000,0.000000,1.000000;;
      }
     }
    }

    Frame Bone040_mirrored_ {
     

     FrameTransformMatrix {
      -0.831183,0.229349,-0.506492,0.000000,0.550685,0.213931,-0.806834,0.000000,-0.076692,-0.949544,-0.304114,0.000000,0.112544,0.045900,-0.059484,1.000000;;
     }

     Frame Bone041_mirrored_ {
      

      FrameTransformMatrix {
       0.949716,-0.297208,0.098519,0.000000,0.295622,0.954813,0.030665,0.000000,-0.103181,0.000001,0.994663,0.000000,0.096646,0.000000,-0.000000,1.000000;;
      }
     }
    }

    Frame Bone043 {
     

     FrameTransformMatrix {
      -0.754653,-0.522142,0.397324,0.000000,0.157778,-0.732207,-0.662554,0.000000,0.636871,-0.437309,0.634945,0.000000,0.109008,-0.068118,0.039634,1.000000;;
     }
    }
   }

   Frame Bip001_Prop1 {
    

    FrameTransformMatrix {
     1.000000,0.000000,0.000000,0.000000,0.000000,1.000000,0.000000,0.000000,-0.000000,-0.000000,1.000000,0.000000,-0.058416,0.050105,-0.440478,1.000000;;
    }

    Frame Kanata_M1_L {
     

     FrameTransformMatrix {
      1.000000,-0.000000,0.000001,0.000000,0.000000,1.000000,0.000000,0.000000,-0.000001,-0.000000,1.000000,0.000000,0.000000,-0.050000,0.000000,1.000000;;
     }

     Mesh Kanata_M1_L {
      1174;
      -0.060116;0.008449;0.000000;,
      -0.066959;0.021079;-0.003901;,
      -0.065516;0.009269;-0.000000;,
      -0.057504;0.019434;-0.003665;,
      -0.066869;0.035165;-0.008343;,
      -0.055304;0.031582;-0.007597;,
      -0.064671;0.052304;-0.012372;,
      -0.052897;0.045882;-0.011225;,
      -0.060484;0.072152;-0.017238;,
      -0.048382;0.062382;-0.015408;,
      -0.042131;0.080604;-0.019476;,
      -0.053837;0.095982;-0.022123;,
      -0.044196;0.126065;-0.026363;,
      -0.034681;0.097192;-0.024395;,
      0.013063;0.193741;0.000000;,
      0.009625;0.219502;0.000000;,
      -0.002752;0.201207;-0.007649;,
      0.005488;0.157962;-0.006696;,
      -0.018001;0.175440;-0.015014;,
      -0.008374;0.139716;-0.015003;,
      -0.028393;0.154710;-0.022012;,
      -0.018550;0.122228;-0.022820;,
      -0.064013;-0.005569;-0.000000;,
      -0.067081;0.019767;-0.008286;,
      -0.057626;0.018123;-0.008051;,
      -0.055426;0.030333;-0.012002;,
      -0.066992;0.033916;-0.012747;,
      -0.064794;0.051118;-0.016796;,
      -0.053020;0.044696;-0.015649;,
      -0.048482;0.061219;-0.019819;,
      -0.060429;0.071640;-0.021826;,
      -0.053620;0.095689;-0.026649;,
      -0.042176;0.079582;-0.023919;,
      -0.044196;0.126065;-0.026363;,
      -0.034681;0.097192;-0.024395;,
      -0.001038;0.201467;-0.011703;,
      0.022102;0.204518;0.000000;,
      0.007106;0.158045;-0.010813;,
      -0.006817;0.140214;-0.019252;,
      -0.016103;0.176580;-0.019113;,
      -0.018550;0.122228;-0.022820;,
      -0.028393;0.154710;-0.022012;,
      0.021289;0.172228;0.000000;,
      0.018664;0.231286;0.000000;,
      -0.060116;0.008449;0.000000;,
      -0.057626;0.018123;-0.008051;,
      -0.057504;0.019434;-0.003665;,
      -0.064013;-0.005569;-0.000000;,
      -0.055426;0.030333;-0.012002;,
      -0.055304;0.031582;-0.007597;,
      -0.053020;0.044696;-0.015649;,
      -0.052897;0.045882;-0.011225;,
      -0.048382;0.062382;-0.015408;,
      -0.048482;0.061219;-0.019819;,
      -0.042176;0.079582;-0.023919;,
      -0.042131;0.080604;-0.019476;,
      -0.034681;0.097192;-0.024395;,
      -0.057626;0.018123;0.008051;,
      -0.057504;0.019434;0.003665;,
      -0.055426;0.030333;0.012002;,
      -0.055304;0.031582;0.007597;,
      -0.053021;0.044696;0.015649;,
      -0.052897;0.045882;0.011225;,
      -0.048382;0.062382;0.015408;,
      -0.048482;0.061219;0.019819;,
      -0.042176;0.079582;0.023919;,
      -0.042131;0.080604;0.019476;,
      -0.034681;0.097192;0.024394;,
      0.005488;0.157962;-0.006696;,
      0.021289;0.172228;0.000000;,
      0.013992;0.166372;0.000000;,
      0.007106;0.158045;-0.010813;,
      -0.008374;0.139716;-0.015003;,
      -0.006817;0.140214;-0.019252;,
      -0.018550;0.122228;-0.022820;,
      0.018664;0.231286;0.000000;,
      -0.002752;0.201207;-0.007649;,
      0.009625;0.219502;0.000000;,
      -0.001038;0.201467;-0.011703;,
      -0.016103;0.176580;-0.019113;,
      -0.018001;0.175440;-0.015014;,
      -0.028393;0.154710;-0.022012;,
      -0.053620;0.095689;-0.026649;,
      -0.053837;0.095982;-0.022123;,
      -0.044196;0.126065;-0.026363;,
      -0.060429;0.071640;-0.021826;,
      -0.060484;0.072152;-0.017238;,
      -0.064794;0.051118;-0.016796;,
      -0.064671;0.052304;-0.012372;,
      -0.066992;0.033916;-0.012747;,
      -0.066869;0.035165;-0.008343;,
      -0.067081;0.019767;-0.008286;,
      -0.066959;0.021079;-0.003901;,
      -0.065516;0.009269;-0.000000;,
      -0.064013;-0.005569;-0.000000;,
      -0.067081;0.019767;0.008286;,
      -0.066959;0.021079;0.003901;,
      -0.066869;0.035165;0.008343;,
      -0.066992;0.033916;0.012747;,
      -0.064671;0.052304;0.012372;,
      -0.064794;0.051118;0.016796;,
      -0.060484;0.072152;0.017238;,
      -0.060429;0.071640;0.021826;,
      -0.053837;0.095982;0.022123;,
      -0.053620;0.095689;0.026649;,
      -0.044196;0.126065;0.026363;,
      -0.025788;0.363597;-0.005205;,
      -0.030011;0.399466;-0.009532;,
      -0.010532;0.398509;0.000000;,
      -0.034462;0.363597;-0.009630;,
      -0.027753;0.448343;-0.007958;,
      -0.016484;0.447740;-0.000000;,
      -0.018617;0.511093;-0.000000;,
      -0.025116;0.511767;-0.005676;,
      -0.039080;0.327292;-0.010469;,
      -0.035369;0.313280;-0.007629;,
      -0.028111;0.310665;-0.005996;,
      -0.032308;0.300032;-0.005996;,
      -0.028169;0.325697;-0.007629;,
      -0.037098;0.276888;-0.005996;,
      -0.043512;0.282078;-0.007630;,
      -0.048357;0.251340;-0.007630;,
      -0.039984;0.249846;-0.005996;,
      -0.050326;0.226100;-0.007630;,
      -0.040805;0.226212;-0.005996;,
      -0.048898;0.192937;-0.007630;,
      -0.039613;0.194305;-0.005996;,
      -0.044326;0.165800;-0.007654;,
      -0.035512;0.168423;-0.006264;,
      -0.038657;0.144738;-0.007752;,
      -0.031281;0.149945;-0.006615;,
      -0.035223;0.131951;-0.007693;,
      -0.025855;0.135265;-0.006695;,
      -0.025682;0.104954;-0.007630;,
      -0.021809;0.121324;-0.007130;,
      -0.016988;0.104940;-0.006899;,
      -0.016547;0.133083;-0.007630;,
      -0.007928;0.165234;-0.007630;,
      -0.017179;0.167879;-0.005996;,
      -0.004044;0.191976;-0.007630;,
      -0.014028;0.192343;-0.005996;,
      -0.002640;0.219900;-0.007630;,
      -0.012636;0.219672;-0.005996;,
      -0.005363;0.250165;-0.007630;,
      -0.014644;0.249353;-0.005996;,
      -0.011503;0.281300;-0.007630;,
      -0.018419;0.277636;-0.005996;,
      -0.018967;0.307741;-0.007629;,
      -0.023099;0.298409;-0.005996;,
      -0.028111;0.310665;-0.005996;,
      -0.028169;0.325697;-0.007629;,
      -0.018670;0.086310;-0.007630;,
      -0.012019;0.091330;-0.006070;,
      -0.011542;0.067357;-0.007631;,
      -0.004970;0.072023;-0.004895;,
      0.002454;0.042232;-0.003835;,
      -0.003980;0.039805;-0.007630;,
      0.000698;0.009337;-0.007630;,
      0.006915;0.009876;-0.003673;,
      0.000538;-0.016657;-0.007630;,
      0.006293;-0.017440;-0.003673;,
      0.002685;-0.047511;-0.003673;,
      -0.002961;-0.047048;-0.007630;,
      -0.008347;-0.070190;-0.007630;,
      -0.001530;-0.069979;-0.003479;,
      -0.006472;-0.094603;-0.002990;,
      -0.013870;-0.093488;-0.007629;,
      -0.013495;-0.116754;0.000000;,
      -0.022406;-0.117028;-0.007626;,
      -0.019580;-0.131250;-0.000000;,
      -0.027531;-0.200233;-0.001644;,
      -0.039094;-0.225583;-0.000000;,
      -0.027531;-0.200233;0.000000;,
      -0.027531;-0.200233;0.001644;,
      -0.031281;0.149945;-0.006615;,
      -0.026162;0.155026;0.000000;,
      -0.025855;0.135265;-0.006695;,
      -0.035512;0.168423;-0.006264;,
      -0.030813;0.169877;-0.000000;,
      -0.039613;0.194305;-0.005996;,
      -0.035860;0.195001;0.000000;,
      -0.040805;0.226212;-0.005996;,
      -0.037473;0.226256;0.000000;,
      -0.039984;0.249846;-0.005996;,
      -0.035697;0.249069;-0.000000;,
      -0.040805;0.226212;-0.005996;,
      -0.037098;0.276888;-0.005996;,
      -0.031726;0.273467;-0.000000;,
      -0.032308;0.300032;-0.005996;,
      -0.027814;0.285691;0.000000;,
      -0.028111;0.310665;-0.005996;,
      -0.038266;0.066300;-0.007627;,
      -0.025255;0.081991;-0.005301;,
      -0.030720;0.063785;-0.004445;,
      -0.028679;0.092608;-0.005184;,
      -0.045469;0.034207;-0.007630;,
      -0.036425;0.032471;-0.004260;,
      -0.048052;0.008154;-0.007630;,
      -0.039419;0.008210;-0.003612;,
      -0.047378;-0.017003;-0.007630;,
      -0.039081;-0.016775;-0.003612;,
      -0.042744;-0.046195;-0.007630;,
      -0.036350;-0.044647;-0.004596;,
      -0.037499;-0.073768;-0.007630;,
      -0.030130;-0.071707;-0.005174;,
      -0.030985;-0.093832;-0.007628;,
      -0.022779;-0.093674;-0.005068;,
      -0.022406;-0.117028;-0.007626;,
      -0.004044;0.191976;-0.007630;,
      -0.000387;0.162817;0.000000;,
      -0.007928;0.165234;-0.007630;,
      0.003883;0.191582;0.000000;,
      -0.008920;0.127918;0.000000;,
      -0.016547;0.133083;-0.007630;,
      0.004847;0.220100;0.000000;,
      -0.002640;0.219900;-0.007630;,
      -0.016988;0.104940;-0.006899;,
      -0.005363;0.250165;-0.007630;,
      0.004847;0.220100;0.000000;,
      0.002633;0.250961;0.000000;,
      -0.003832;0.286010;0.000000;,
      -0.011503;0.281300;-0.007630;,
      -0.018967;0.307741;-0.007629;,
      -0.013669;0.318180;-0.000000;,
      -0.027356;0.344659;0.000000;,
      -0.028169;0.325697;-0.007629;,
      -0.034462;0.363597;-0.009630;,
      -0.049294;0.327675;-0.009335;,
      -0.048378;0.363597;-0.008457;,
      -0.039080;0.327292;-0.010469;,
      -0.049550;0.291296;-0.009827;,
      -0.030011;0.399466;-0.009532;,
      -0.046817;0.400295;-0.007560;,
      -0.056853;0.253042;-0.002819;,
      -0.060631;0.253721;-0.009369;,
      -0.047981;0.286678;-0.002232;,
      -0.063455;0.225851;-0.002253;,
      -0.068075;0.225331;-0.009266;,
      -0.071184;0.187890;-0.000835;,
      -0.074307;0.187403;-0.006848;,
      -0.077382;0.152799;-0.000000;,
      -0.078619;0.152765;-0.003057;,
      -0.078567;0.134749;-0.000000;,
      -0.080061;0.134211;-0.000000;,
