PlayerSpawn_position=46.3345,-1,-0.075913

MonsterSpawn0_position=25.0548,-1,0.421
MonsterSpawn1_position=26.8889,-1,-0.855956
MonsterSpawn2_position=29.1903,-1,0.606165
MonsterSpawn3_position=31.5491,-1,-0.827802
MonsterSpawn4_position=-2.61195,0.26,-0.340873
MonsterSpawn5_position=-1.14649,0.26,-1.21127
MonsterSpawn6_position=0.563739,0.26,0.543694
MonsterSpawn7_position=2.32355,0.26,-0.698635

BossSpawn0_position=-14.0788,0.259,-0.00156595
BossSpawn1_position=-46,15,0

PortalIn_position=-45.7167,1.2,-0.0204972
PortalOut_position=-46,15,0