xof 0303txt 0032
template ColorRGBA {
 <35ff44e0-6c7c-11cf-8f52-0040333594a3>
 FLOAT red;
 FLOAT green;
 FLOAT blue;
 FLOAT alpha;
}

template ColorRGB {
 <d3e16e81-7835-11cf-8f52-0040333594a3>
 FLOAT red;
 FLOAT green;
 FLOAT blue;
}

template Material {
 <3d82ab4d-62da-11cf-ab39-0020af71e433>
 ColorRGBA faceColor;
 FLOAT power;
 ColorRGB specularColor;
 ColorRGB emissiveColor;
 [...]
}

template TextureFilename {
 <a42790e1-7810-11cf-8f52-0040333594a3>
 STRING filename;
}

template Frame {
 <3d82ab46-62da-11cf-ab39-0020af71e433>
 [...]
}

template Matrix4x4 {
 <f6f23f45-7686-11cf-8f52-0040333594a3>
 array FLOAT matrix[16];
}

template FrameTransformMatrix {
 <f6f23f41-7686-11cf-8f52-0040333594a3>
 Matrix4x4 frameMatrix;
}

template Vector {
 <3d82ab5e-62da-11cf-ab39-0020af71e433>
 FLOAT x;
 FLOAT y;
 FLOAT z;
}

template MeshFace {
 <3d82ab5f-62da-11cf-ab39-0020af71e433>
 DWORD nFaceVertexIndices;
 array DWORD faceVertexIndices[nFaceVertexIndices];
}

template Mesh {
 <3d82ab44-62da-11cf-ab39-0020af71e433>
 DWORD nVertices;
 array Vector vertices[nVertices];
 DWORD nFaces;
 array MeshFace faces[nFaces];
 [...]
}

template MeshNormals {
 <f6f23f43-7686-11cf-8f52-0040333594a3>
 DWORD nNormals;
 array Vector normals[nNormals];
 DWORD nFaceNormals;
 array MeshFace faceNormals[nFaceNormals];
}

template MeshMaterialList {
 <f6f23f42-7686-11cf-8f52-0040333594a3>
 DWORD nMaterials;
 DWORD nFaceIndexes;
 array DWORD faceIndexes[nFaceIndexes];
 [Material <3d82ab4d-62da-11cf-ab39-0020af71e433>]
}

template Coords2d {
 <f6f23f44-7686-11cf-8f52-0040333594a3>
 FLOAT u;
 FLOAT v;
}

template MeshTextureCoords {
 <f6f23f40-7686-11cf-8f52-0040333594a3>
 DWORD nTextureCoords;
 array Coords2d textureCoords[nTextureCoords];
}

template XSkinMeshHeader {
 <3cf169ce-ff7c-44ab-93c0-f78f62d172e2>
 WORD nMaxSkinWeightsPerVertex;
 WORD nMaxSkinWeightsPerFace;
 WORD nBones;
}

template SkinWeights {
 <6f0d123b-bad2-4167-a0d0-80224f25fabb>
 STRING transformNodeName;
 DWORD nWeights;
 array DWORD vertexIndices[nWeights];
 array FLOAT weights[nWeights];
 Matrix4x4 matrixOffset;
}

template AnimTicksPerSecond {
 <9e415a43-7ba6-4a73-8743-b73d47e88476>
 DWORD AnimTicksPerSecond;
}

template Animation {
 <3d82ab4f-62da-11cf-ab39-0020af71e433>
 [...]
}

template AnimationSet {
 <3d82ab50-62da-11cf-ab39-0020af71e433>
 [Animation <3d82ab4f-62da-11cf-ab39-0020af71e433>]
}

template FloatKeys {
 <10dd46a9-775b-11cf-8f52-0040333594a3>
 DWORD nValues;
 array FLOAT values[nValues];
}

template TimedFloatKeys {
 <f406b180-7b3b-11cf-8f52-0040333594a3>
 DWORD time;
 FloatKeys tfkeys;
}

template AnimationKey {
 <10dd46a8-775b-11cf-8f52-0040333594a3>
 DWORD keyType;
 DWORD nKeys;
 array TimedFloatKeys keys[nKeys];
}


Material Avatar_Sakura_C1_Material_Body {
 1.000000;1.000000;1.000000;1.000000;;
 0.000000;
 0.000000;0.000000;0.000000;;
 0.000000;0.000000;0.000000;;

 TextureFilename {
  "Avatar_Yae_sakura_C1_Texture_Body_Color.png";
 }
}

Material Avatar_Sakura_C1_Material_Skin {
 1.000000;1.000000;1.000000;1.000000;;
 0.000000;
 0.000000;0.000000;0.000000;;
 0.000000;0.000000;0.000000;;

 TextureFilename {
  "Avatar_Yae_sakura_C1_Texture_Body_Color.png";
 }
}

Material Avatar_Sakura_C1_Material_Face {
 1.000000;1.000000;1.000000;1.000000;;
 0.000000;
 0.000000;0.000000;0.000000;;
 0.000000;0.000000;0.000000;;

 TextureFilename {
  "Avatar_Yae_sakura_C0_Texture_Face_Color.png";
 }
}

Material Avatar_Sakura_C1_Material_Hair {
 1.000000;1.000000;1.000000;1.000000;;
 0.000000;
 0.000000;0.000000;0.000000;;
 0.000000;0.000000;0.000000;;

 TextureFilename {
  "Avatar_Yae_sakura_C0_Texture_Hair_Color.png";
 }
}

Frame NPC_Sakura {
 

 FrameTransformMatrix {
  0.393701,0.000000,0.000000,0.000000,0.000000,-0.000000,-0.393701,0.000000,0.000000,0.393701,-0.000000,0.000000,0.000000,0.000000,0.000000,1.000000;;
 }

 Frame Avatar_Sakura_C1_YS {
  

  FrameTransformMatrix {
   0.950000,0.000000,0.000000,0.000000,0.000000,0.950000,0.000000,0.000000,0.000000,0.000000,0.950000,0.000000,0.000000,0.000000,0.000000,1.000000;;
  }

  Frame Bip001 {
   

   FrameTransformMatrix {
    -0.931324,0.364191,0.000000,0.000000,-0.000000,-0.000000,1.000000,0.000000,0.364191,0.931324,0.000000,0.000000,0.001945,0.000000,0.761845,1.000000;;
   }

   Frame Bip001_Pelvis {
    

    FrameTransformMatrix {
     0.340328,0.927658,0.153713,0.000000,0.119624,-0.204856,0.971455,0.000000,0.932667,-0.312225,-0.180688,0.000000,0.000000,0.000000,0.000000,1.000000;;
    }

    Frame Bip001_Spine {
     

     FrameTransformMatrix {
      0.993432,0.009443,-0.114030,0.000000,0.004570,0.992519,0.122009,0.000000,0.114329,-0.121729,0.985957,0.000000,0.078129,-0.017248,-0.026350,1.000000;;
     }

     Frame Bip001_L_Thigh {
      

      FrameTransformMatrix {
       -0.383481,0.702851,0.599119,0.000000,-0.786990,-0.588173,0.186277,0.000000,0.483310,-0.400067,0.778690,0.000000,-0.079744,0.095014,0.005745,1.000000;;
      }

      Frame Bip001_L_Calf {
       

       FrameTransformMatrix {
        0.426598,0.000000,-0.904441,0.000000,-0.000000,1.000000,0.000000,0.000000,0.904441,0.000000,0.426598,0.000000,0.419146,0.000000,-0.000000,1.000000;;
       }

       Frame Bip001_L_Foot {
        

        FrameTransformMatrix {
         0.963626,0.133085,0.231761,0.000000,-0.177618,0.966880,0.183293,0.000000,-0.199691,-0.217790,0.955349,0.000000,0.504540,0.000000,0.000000,1.000000;;
        }

        Frame Bip001_L_Toe0 {
         

         FrameTransformMatrix {
          0.006410,-0.134086,0.990949,0.000000,-0.575535,0.809890,0.113309,0.000000,-0.817752,-0.571052,-0.071979,0.000000,0.166297,0.000000,0.096628,1.000000;;
         }
        }
       }
      }
     }

     Frame Bip001_R_Thigh {
      

      FrameTransformMatrix {
       -0.369624,-0.144891,0.917815,0.000000,0.243833,-0.968275,-0.054660,0.000000,0.896618,0.203590,0.393227,0.000000,-0.081172,-0.055059,0.024151,1.000000;;
      }

      Frame Bip001_R_Calf {
       

       FrameTransformMatrix {
        0.089741,0.000000,-0.995965,0.000000,0.000000,1.000000,0.000000,0.000000,0.995965,-0.000000,0.089741,0.000000,0.419146,-0.000000,0.000000,1.000000;;
       }

       Frame Bip001_R_Foot {
        

        FrameTransformMatrix {
         0.935019,-0.261607,0.239377,0.000000,0.255268,0.965148,0.057688,0.000000,-0.246126,0.007166,0.969211,0.000000,0.504540,-0.000000,-0.000000,1.000000;;
        }

        Frame Bip001_R_Toe0 {
         

         FrameTransformMatrix {
          -0.190904,-0.013029,0.981522,0.000000,0.225610,0.972561,0.056791,0.000000,-0.955330,0.232283,-0.182726,0.000000,0.166297,0.000000,0.096628,1.000000;;
         }
        }
       }
      }
     }

     Frame Bip001_Spine1 {
      

      FrameTransformMatrix {
       0.985903,-0.108997,0.126941,0.000000,0.092475,0.987260,0.129485,0.000000,-0.139437,-0.115921,0.983422,0.000000,0.065879,0.000007,-0.000058,1.000000;;
      }

      Frame Bip001_Spine2 {
       

       FrameTransformMatrix {
        0.995495,0.026676,-0.090979,0.000000,-0.016570,0.993785,0.110073,0.000000,0.093350,-0.108070,0.989751,0.000000,0.074066,0.000015,-0.000134,1.000000;;
       }

       Frame Bip001_Neck {
        

        FrameTransformMatrix {
         0.989496,0.000137,0.144558,0.000000,0.067296,0.884595,-0.461480,0.000000,-0.127938,0.466361,0.875294,0.000000,0.187601,-0.000031,-0.032736,1.000000;;
        }

        Frame Bip001_Head {
         

         FrameTransformMatrix {
          0.946976,0.241145,0.212335,0.000000,0.011553,0.634868,-0.772534,0.000000,-0.321097,0.734024,0.598419,0.000000,0.082969,0.000000,0.000000,1.000000;;
         }

         Frame Bone001 {
          

          FrameTransformMatrix {
           -0.898739,0.419099,-0.128935,0.000000,-0.108240,-0.496993,-0.860977,0.000000,-0.424915,-0.759838,0.492030,0.000000,0.018523,0.000000,-0.087329,1.000000;;
          }

          Frame Bone002 {
           

           FrameTransformMatrix {
            0.995494,-0.014611,-0.093695,0.000000,0.014537,0.999893,-0.001468,0.000000,0.093707,0.000100,0.995600,0.000000,0.155509,0.000000,0.000000,1.000000;;
           }

           Frame Bone003 {
            

            FrameTransformMatrix {
             0.994211,-0.041944,0.098916,0.000000,0.041791,0.999120,0.003623,0.000000,-0.098981,0.000532,0.995089,0.000000,0.156648,0.000000,-0.000000,1.000000;;
            }

            Frame Bone004 {
             

             FrameTransformMatrix {
              0.987145,-0.059818,0.148211,0.000000,0.059279,0.998209,0.008055,0.000000,-0.148428,0.000835,0.988923,0.000000,0.161352,0.000000,0.000000,1.000000;;
             }

             Frame Bone005 {
              

              FrameTransformMatrix {
               0.975290,-0.059022,0.212897,0.000000,0.057827,0.998256,0.011845,0.000000,-0.213225,0.000759,0.977003,0.000000,0.155266,0.000000,-0.000000,1.000000;;
              }

              Frame Bone006 {
               

               FrameTransformMatrix {
                0.971071,-0.057044,0.231877,0.000000,0.055649,0.998371,0.012558,0.000000,-0.232216,0.000709,0.972664,0.000000,0.178269,0.000000,0.000000,1.000000;;
               }

               Frame Bone007 {
                

                FrameTransformMatrix {
                 0.975181,-0.024409,0.220060,0.000000,0.024101,0.999701,0.004086,0.000000,-0.220094,0.001319,0.975478,0.000000,0.171983,0.000000,0.000000,1.000000;;
                }
               }
              }
             }
            }
           }
          }
         }

         Frame Bone016 {
          

          FrameTransformMatrix {
           -0.428255,-0.236912,-0.872049,0.000000,0.039840,-0.969033,0.243695,0.000000,-0.902779,0.069622,0.424432,0.000000,0.045766,-0.064047,-0.086958,1.000000;;
          }
         }

         Frame Bone016_mirrored_ {
          

          FrameTransformMatrix {
           -0.543177,0.797853,-0.261512,0.000000,0.335166,0.491617,0.803727,0.000000,0.769820,0.348916,-0.534448,0.000000,0.045766,0.064050,-0.086959,1.000000;;
          }
         }

         Frame Bone019 {
          

          FrameTransformMatrix {
           0.499135,-0.367078,-0.784931,0.000000,0.002760,-0.905161,0.425060,0.000000,-0.866520,-0.214329,-0.450784,0.000000,0.229427,-0.067025,-0.024962,1.000000;;
          }

          Frame Bone021 {
           

           FrameTransformMatrix {
            0.987721,0.054415,0.146441,0.000000,-0.053550,0.998516,-0.009847,0.000000,-0.146760,0.001884,0.989170,0.000000,0.179444,0.000000,-0.000001,1.000000;;
           }
          }
         }

         Frame Bone019_mirrored_ {
          

          FrameTransformMatrix {
           0.499136,0.367076,-0.784932,0.000000,0.002760,0.905162,0.425057,0.000000,0.866519,-0.214327,0.450785,0.000000,0.229427,0.067020,-0.024962,1.000000;;
          }

          Frame Bone021_mirrored_ {
           

           FrameTransformMatrix {
            0.993976,0.054415,-0.095138,0.000000,-0.053988,0.998517,0.007063,0.000000,0.095381,-0.001884,0.995439,0.000000,0.179444,0.000000,0.000001,1.000000;;
           }
          }
         }

         Frame Bone049 {
          

          FrameTransformMatrix {
           -0.941110,-0.317769,0.115474,0.000000,0.136932,-0.045963,0.989513,0.000000,-0.309129,0.947053,0.086769,0.000000,0.090405,-0.083149,0.019683,1.000000;;
          }
         }

         Frame Bone049_mirrored_ {
          

          FrameTransformMatrix {
           -0.867543,-0.003268,0.497353,0.000000,0.496348,0.058171,0.866173,0.000000,-0.031762,0.998301,-0.048844,0.000000,0.090405,0.083150,0.019683,1.000000;;
          }
         }
        }

        Frame Bip001_L_Clavicle {
         

         FrameTransformMatrix {
          0.450410,0.613248,0.648890,0.000000,0.882677,-0.196603,-0.426883,0.000000,-0.134211,0.765032,-0.629851,0.000000,-0.013752,0.034935,0.007546,1.000000;;
         }

         Frame Bip001_L_UpperArm {
          

          FrameTransformMatrix {
           0.201058,0.177997,-0.963272,0.000000,0.862701,0.433641,0.260196,0.000000,0.464028,-0.883331,-0.066371,0.000000,0.091477,0.000000,0.000000,1.000000;;
          }

          Frame Bip001_L_Forearm {
           

           FrameTransformMatrix {
            0.435234,-0.000000,-0.900317,0.000000,-0.000000,1.000000,-0.000000,0.000000,0.900317,0.000000,0.435234,0.000000,0.237186,0.000000,0.000000,1.000000;;
           }

           Frame Bip001_L_Hand {
            

            FrameTransformMatrix {
             0.350989,0.870357,0.345377,0.000000,0.400010,-0.472861,0.785108,0.000000,0.846640,-0.137410,-0.514120,0.000000,0.223800,0.000000,0.000000,1.000000;;
            }

            Frame Bip001_L_Finger0 {
             

             FrameTransformMatrix {
              0.781611,-0.623566,0.015822,0.000000,0.391117,0.470172,-0.791180,0.000000,0.485914,0.624583,0.611379,0.000000,0.025953,-0.014999,0.014605,1.000000;;
             }

             Frame Bip001_L_Finger01 {
              

              FrameTransformMatrix {
               0.702421,-0.611895,0.363577,0.000000,0.543466,0.790939,0.281178,0.000000,-0.459619,0.000086,0.888116,0.000000,0.036432,-0.000000,0.000000,1.000000;;
              }

              Frame Bip001_L_Finger02 {
               

               FrameTransformMatrix {
                0.875160,-0.000000,0.483833,0.000000,0.000000,1.000000,0.000000,0.000000,-0.483833,-0.000000,0.875160,0.000000,0.030692,0.000000,-0.000000,1.000000;;
               }
              }
             }
            }

            Frame Bip001_L_Finger1 {
             

             FrameTransformMatrix {
              0.854136,0.020862,0.519632,0.000000,-0.018926,0.999780,-0.009031,0.000000,-0.519706,-0.002121,0.854343,0.000000,0.077852,-0.017755,-0.001597,1.000000;;
             }

             Frame Bip001_L_Finger11 {
              

              FrameTransformMatrix {
               0.944894,0.000000,0.327377,0.000000,-0.000000,1.000000,0.000000,0.000000,-0.327377,-0.000000,0.944894,0.000000,0.032556,0.000000,-0.000000,1.000000;;
              }

              Frame Bip001_L_Finger12 {
               

               FrameTransformMatrix {
                0.900164,0.000000,0.435551,0.000000,-0.000000,1.000000,0.000000,0.000000,-0.435551,-0.000000,0.900164,0.000000,0.022259,-0.000000,0.000000,1.000000;;
               }
              }
             }
            }

            Frame Bip001_L_Finger2 {
             

             FrameTransformMatrix {
              0.844252,0.011624,0.535820,0.000000,-0.058156,0.995848,0.070029,0.000000,-0.532781,-0.090283,0.841423,0.000000,0.077692,0.001554,-0.002724,1.000000;;
             }

             Frame Bip001_L_Finger21 {
              

              FrameTransformMatrix {
               0.837572,0.000000,0.546328,0.000000,-0.000000,1.000000,-0.000000,0.000000,-0.546328,0.000000,0.837572,0.000000,0.035698,0.000000,0.000000,1.000000;;
              }

              Frame Bip001_L_Finger22 {
               

               FrameTransformMatrix {
                0.917549,0.000000,0.397622,0.000000,-0.000000,1.000000,-0.000000,0.000000,-0.397622,0.000000,0.917549,0.000000,0.027462,0.000000,0.000000,1.000000;;
               }
              }
             }
            }

            Frame Bip001_L_Finger3 {
             

             FrameTransformMatrix {
              0.934417,-0.087625,0.345234,0.000000,-0.010620,0.961982,0.272908,0.000000,-0.356022,-0.258676,0.897962,0.000000,0.076548,0.020774,0.003138,1.000000;;
             }

             Frame Bip001_L_Finger31 {
              

              FrameTransformMatrix {
               0.759945,-0.000000,0.649987,0.000000,0.000000,1.000000,0.000000,0.000000,-0.649987,0.000000,0.759945,0.000000,0.032988,0.000000,0.000000,1.000000;;
              }

              Frame Bip001_L_Finger32 {
               

               FrameTransformMatrix {
                0.820155,-0.000000,0.572141,0.000000,-0.000000,1.000000,0.000000,0.000000,-0.572141,-0.000000,0.820155,0.000000,0.026982,-0.000000,0.000000,1.000000;;
               }
              }
             }
            }

            Frame Bip001_L_Finger4 {
             

             FrameTransformMatrix {
              0.986644,-0.057519,0.152392,0.000000,-0.024666,0.872028,0.488835,0.000000,-0.161007,-0.486065,0.858963,0.000000,0.064255,0.032365,0.009930,1.000000;;
             }

             Frame Bip001_L_Finger41 {
              

              FrameTransformMatrix {
               0.869335,0.000000,0.494223,0.000000,0.000000,1.000000,-0.000000,0.000000,-0.494223,0.000000,0.869335,0.000000,0.027415,-0.000000,0.000000,1.000000;;
              }

              Frame Bip001_L_Finger42 {
               

               FrameTransformMatrix {
                0.554533,0.000000,0.832162,0.000000,-0.000000,1.000000,-0.000000,0.000000,-0.832162,-0.000000,0.554533,0.000000,0.016412,0.000000,0.000000,1.000000;;
               }
              }
             }
            }
           }
          }

          Frame Bone023_mirrored_ {
           

           FrameTransformMatrix {
            -0.022809,-0.564808,0.824907,0.000000,-0.162698,-0.812025,-0.560486,0.000000,0.986412,-0.146994,-0.073371,0.000000,0.223018,-0.061754,0.008571,1.000000;;
           }

           Frame Bone024_mirrored_ {
            

            FrameTransformMatrix {
             0.999942,0.009752,-0.004545,0.000000,-0.009752,0.999953,-0.000057,0.000000,0.004544,0.000101,0.999990,0.000000,0.183361,-0.000000,-0.000000,1.000000;;
            }

            Frame Bone025_mirrored_ {
             

             FrameTransformMatrix {
              0.999824,0.016983,-0.007965,0.000000,-0.016981,0.999856,0.000222,0.000000,0.007967,-0.000087,0.999968,0.000000,0.174298,0.000000,0.000000,1.000000;;
             }

             Frame Bone026_mirrored_ {
              

              FrameTransformMatrix {
               0.999620,0.027177,0.004567,0.000000,-0.027176,0.999630,-0.000272,0.000000,-0.004573,0.000147,0.999989,0.000000,0.185835,0.000000,0.000000,1.000000;;
              }
             }
            }
           }
          }
         }
        }

        Frame Bip001_R_Clavicle {
         

         FrameTransformMatrix {
          0.326712,-0.939933,-0.098917,0.000000,-0.935774,-0.336389,0.105689,0.000000,-0.132615,0.058034,-0.989467,0.000000,-0.013762,-0.025908,-0.024530,1.000000;;
         }

         Frame Bip001_R_UpperArm {
          

          FrameTransformMatrix {
           0.879346,-0.145671,-0.453354,0.000000,-0.290154,0.590987,-0.752692,0.000000,0.377572,0.793419,0.477415,0.000000,0.091477,-0.000000,0.000000,1.000000;;
          }

          Frame Bip001_R_Forearm {
           

           FrameTransformMatrix {
            -0.205489,0.000000,-0.978659,0.000000,0.000000,1.000000,0.000000,0.000000,0.978659,0.000000,-0.205489,0.000000,0.237186,0.000000,0.000000,1.000000;;
           }

           Frame Bip001_R_Hand {
            

            FrameTransformMatrix {
             0.818118,-0.384047,0.428007,0.000000,0.574652,0.573681,-0.583665,0.000000,-0.021385,0.723462,0.690033,0.000000,0.223800,-0.000000,0.000000,1.000000;;
            }

            Frame Bip001_R_Finger0 {
             

             FrameTransformMatrix {
              0.587541,0.718631,0.371975,0.000000,-0.666714,0.169407,0.725805,0.000000,0.458571,-0.674441,0.578655,0.000000,0.025953,0.014999,0.014605,1.000000;;
             }

             Frame Bip001_R_Finger01 {
              

              FrameTransformMatrix {
               0.070909,0.000135,0.997483,0.000000,-0.000000,1.000000,-0.000135,0.000000,-0.997483,0.000010,0.070909,0.000000,0.036432,0.000000,0.000000,1.000000;;
              }

              Frame Bip001_R_Finger02 {
               

               FrameTransformMatrix {
                0.939372,0.000000,0.342899,0.000000,-0.000000,1.000000,-0.000000,0.000000,-0.342899,-0.000000,0.939372,0.000000,0.030692,0.000000,0.000000,1.000000;;
               }
              }
             }
            }

            Frame Bip001_R_Finger1 {
             

             FrameTransformMatrix {
              0.950709,0.045845,0.306677,0.000000,-0.039306,0.998850,-0.027470,0.000000,-0.307583,0.014062,0.951417,0.000000,0.077852,0.017755,-0.001597,1.000000;;
             }

             Frame Bip001_R_Finger11 {
              

              FrameTransformMatrix {
               -0.087826,-0.000000,0.996136,0.000000,0.000000,1.000000,0.000000,0.000000,-0.996136,-0.000000,-0.087826,0.000000,0.032556,-0.000000,0.000000,1.000000;;
              }

              Frame Bip001_R_Finger12 {
               

               FrameTransformMatrix {
                0.561182,0.000000,0.827693,0.000000,0.000000,1.000000,-0.000000,0.000000,-0.827693,-0.000000,0.561182,0.000000,0.022259,0.000000,0.000000,1.000000;;
               }
              }
             }
            }

            Frame Bip001_R_Finger2 {
             

             FrameTransformMatrix {
              0.687934,-0.021558,0.725453,0.000000,0.062464,0.997609,-0.029588,0.000000,-0.723081,0.065669,0.687635,0.000000,0.082384,-0.001705,-0.002984,1.000000;;
             }

             Frame Bip001_R_Finger21 {
              

              FrameTransformMatrix {
               0.005468,-0.000000,0.999985,0.000000,-0.000000,1.000000,-0.000000,0.000000,-0.999985,-0.000000,0.005468,0.000000,0.032462,-0.000000,0.000000,1.000000;;
              }

              Frame Bip001_R_Finger22 {
               

               FrameTransformMatrix {
                0.346503,0.000000,0.938049,0.000000,0.000000,1.000000,-0.000000,0.000000,-0.938049,0.000000,0.346503,0.000000,0.025594,0.000000,0.000000,1.000000;;
               }
              }
             }
            }

            Frame Bip001_R_Finger3 {
             

             FrameTransformMatrix {
              0.781677,0.057351,0.621041,0.000000,0.114363,0.965699,-0.233123,0.000000,-0.613108,0.253250,0.748306,0.000000,0.076548,-0.020774,0.003138,1.000000;;
             }

             Frame Bip001_R_Finger31 {
              

              FrameTransformMatrix {
               -0.027579,0.000000,0.999620,0.000000,0.000000,1.000000,0.000000,0.000000,-0.999620,0.000000,-0.027579,0.000000,0.032988,0.000000,0.000000,1.000000;;
              }

              Frame Bip001_R_Finger32 {
               

               FrameTransformMatrix {
                -0.027577,-0.000000,0.999620,0.000000,-0.000000,1.000000,0.000000,0.000000,-0.999620,-0.000000,-0.027577,0.000000,0.024844,-0.000000,0.000000,1.000000;;
               }
              }
             }
            }

            Frame Bip001_R_Finger4 {
             

             FrameTransformMatrix {
              0.996563,-0.064176,-0.052367,0.000000,0.047004,0.958726,-0.280417,0.000000,0.068202,0.276992,0.958449,0.000000,0.064255,-0.032365,0.009930,1.000000;;
             }

             Frame Bip001_R_Finger41 {
              

              FrameTransformMatrix {
               0.057062,-0.000000,0.998371,0.000000,0.000000,1.000000,-0.000000,0.000000,-0.998371,0.000000,0.057062,0.000000,0.027415,0.000000,-0.000000,1.000000;;
              }

              Frame Bip001_R_Finger42 {
               

               FrameTransformMatrix {
                0.474562,0.000000,0.880222,0.000000,-0.000000,1.000000,0.000000,0.000000,-0.880222,0.000000,0.474562,0.000000,0.016412,-0.000000,-0.000000,1.000000;;
               }
              }
             }
            }
           }
          }

          Frame Bone023 {
           

           FrameTransformMatrix {
            -0.204904,0.765039,0.610517,0.000000,-0.854857,0.163903,-0.492297,0.000000,-0.476691,-0.622778,0.620414,0.000000,0.223020,0.061753,0.008572,1.000000;;
           }

           Frame Bone024 {
            

            FrameTransformMatrix {
             0.999895,-0.009857,0.010643,0.000000,0.009859,0.999952,-0.000105,0.000000,-0.010642,0.000210,0.999943,0.000000,0.183360,0.000000,0.000000,1.000000;;
            }

            Frame Bone025 {
             

             FrameTransformMatrix {
              0.999669,-0.018094,0.018271,0.000000,0.018094,0.999836,0.000190,0.000000,-0.018272,0.000141,0.999833,0.000000,0.174298,0.000000,-0.000000,1.000000;;
             }

             Frame Bone026 {
              

              FrameTransformMatrix {
               0.999471,-0.030249,0.011962,0.000000,0.030257,0.999542,-0.000449,0.000000,-0.011943,0.000810,0.999928,0.000000,0.185835,0.000000,-0.000000,1.000000;;
              }
             }
            }
           }
          }
         }
        }
       }

       Frame Bone047 {
        

        FrameTransformMatrix {
         0.146752,-0.389478,0.909270,0.000000,-0.062057,-0.921036,-0.384502,0.000000,0.987225,-0.000000,-0.159334,0.000000,0.060274,-0.046767,0.040700,1.000000;;
        }
       }

       Frame Bone047_mirrored_ {
        

        FrameTransformMatrix {
         0.146752,0.389481,0.909268,0.000000,-0.062057,0.921035,-0.384505,0.000000,-0.987225,0.000000,0.159333,0.000000,0.060274,0.046770,0.040700,1.000000;;
        }
       }
      }

      Frame Bone028 {
       

       FrameTransformMatrix {
        -0.034168,-0.918913,-0.392977,0.000000,0.013737,0.392737,-0.919548,0.000000,0.999322,-0.036817,-0.000796,0.000000,0.037700,-0.035075,-0.088270,1.000000;;
       }
      }

      Frame Bone028_mirrored_ {
       

       FrameTransformMatrix {
        0.119337,0.663593,-0.738513,0.000000,0.188857,-0.745420,-0.639282,0.000000,-0.974726,-0.063184,-0.214280,0.000000,0.037700,0.035080,-0.088270,1.000000;;
       }
      }

      Frame Bone030 {
       

       FrameTransformMatrix {
        -0.895973,-0.178747,-0.406548,0.000000,0.138310,-0.982208,0.127032,0.000000,-0.422022,0.057588,0.904755,0.000000,0.007506,-0.051464,-0.099143,1.000000;;
       }

       Frame Bone031 {
        

        FrameTransformMatrix {
         0.995521,-0.028639,0.090097,0.000000,0.028524,0.999590,0.002572,0.000000,-0.090134,0.000010,0.995930,0.000000,0.181525,0.000000,0.000000,1.000000;;
        }

        Frame Bone032 {
         

         FrameTransformMatrix {
          0.966104,-0.038370,0.255285,0.000000,0.037473,0.999263,0.008378,0.000000,-0.255418,0.001472,0.966830,0.000000,0.150061,0.000000,0.000000,1.000000;;
         }
        }
       }
      }

      Frame Bone030_mirrored_ {
       

       FrameTransformMatrix {
        -0.906534,0.094850,-0.411340,0.000000,0.062043,0.993785,0.092423,0.000000,0.417549,0.058264,-0.906784,0.000000,0.007506,0.051460,-0.099143,1.000000;;
       }

       Frame Bone031_mirrored_ {
        

        FrameTransformMatrix {
         0.996272,-0.003023,-0.086218,0.000000,0.003011,0.999995,-0.000261,0.000000,0.086218,0.000000,0.996276,0.000000,0.181525,0.000000,-0.000000,1.000000;;
        }

        Frame Bone032_mirrored_ {
         

         FrameTransformMatrix {
          0.968911,0.000000,-0.247409,0.000000,0.000000,1.000000,-0.000000,0.000000,0.247409,-0.000000,0.968911,0.000000,0.150062,0.000000,0.000000,1.000000;;
         }
        }
       }
      }
     }
    }

    Frame Bone034 {
     

     FrameTransformMatrix {
      -0.316556,-0.437759,0.841523,0.000000,0.947950,-0.178163,0.263910,0.000000,0.034400,0.881263,0.471372,0.000000,0.095644,-0.056571,0.082180,1.000000;;
     }

     Frame Bone035 {
      

      FrameTransformMatrix {
       0.996871,0.000000,-0.079048,0.000000,-0.000000,1.000000,0.000001,0.000000,0.079048,-0.000000,0.996871,0.000000,0.094220,0.000000,0.000000,1.000000;;
      }
     }
    }

    Frame Bone034_mirrored_ {
     

     FrameTransformMatrix {
      -0.392382,0.552211,0.735596,0.000000,0.918851,0.198963,0.340773,0.000000,0.041823,0.809616,-0.585468,0.000000,0.101099,0.055365,0.080344,1.000000;;
     }

     Frame Bone035_mirrored_ {
      

      FrameTransformMatrix {
       0.996871,0.000000,0.079048,0.000000,-0.000000,1.000000,-0.000001,0.000000,-0.079048,0.000001,0.996871,0.000000,0.094220,-0.000000,0.000000,1.000000;;
      }
     }
    }

    Frame Bone037 {
     

     FrameTransformMatrix {
      -0.648500,-0.756187,-0.087341,0.000000,-0.009887,-0.106362,0.994278,0.000000,-0.761150,0.645653,0.061500,0.000000,0.107664,-0.126472,-0.004176,1.000000;;
     }

     Frame Bone038 {
      

      FrameTransformMatrix {
       0.980601,0.064640,0.185050,0.000000,-0.063521,0.997909,-0.011975,0.000000,-0.185437,-0.000012,0.982656,0.000000,0.094723,0.000000,0.000000,1.000000;;
      }
     }
    }

    Frame Bone037_mirrored_ {
     

     FrameTransformMatrix {
      -0.470673,0.801992,0.367797,0.000000,0.387601,-0.186534,0.902757,0.000000,0.792611,0.567462,-0.223056,0.000000,0.105963,0.126030,0.010951,1.000000;;
     }

     Frame Bone038_mirrored_ {
      

      FrameTransformMatrix {
       0.997341,-0.000000,-0.072876,0.000000,-0.000000,1.000000,-0.000001,0.000000,0.072876,0.000001,0.997341,0.000000,0.094723,-0.000000,0.000000,1.000000;;
      }
     }
    }

    Frame Bone040 {
     

     FrameTransformMatrix {
      -0.787380,-0.262696,-0.557695,0.000000,0.602797,-0.138622,-0.785761,0.000000,0.129108,-0.954870,0.267500,0.000000,0.120454,-0.052144,-0.080130,1.000000;;
     }

     Frame Bone041 {
      

      FrameTransformMatrix {
       0.949716,-0.297208,-0.098520,0.000000,0.295622,0.954813,-0.030666,0.000000,0.103182,-0.000001,0.994662,0.000000,0.096647,0.000000,0.000000,1.000000;;
      }
     }
    }

    Frame Bone040_mirrored_ {
     

     FrameTransformMatrix {
      -0.755130,0.485932,-0.440053,0.000000,0.606627,0.263436,-0.750070,0.000000,-0.248558,-0.833350,-0.493709,0.000000,0.112544,0.045900,-0.059484,1.000000;;
     }

     Frame Bone041_mirrored_ {
      

      FrameTransformMatrix {
       0.949717,-0.297207,0.098520,0.000000,0.295621,0.954813,0.030665,0.000000,-0.103182,0.000001,0.994663,0.000000,0.096647,-0.000000,-0.000000,1.000000;;
      }
     }
    }

    Frame Bone043 {
     

     FrameTransformMatrix {
      -0.264020,-0.706948,0.656139,0.000000,-0.246126,-0.608374,-0.754522,0.000000,0.932585,-0.360702,-0.013375,0.000000,0.109008,-0.068118,0.039634,1.000000;;
     }
    }
   }

   Frame Bip001_Prop2 {
    

    FrameTransformMatrix {
     -0.215002,0.976604,0.004425,0.000000,-0.976109,-0.215034,0.031185,0.000000,0.031407,0.002386,0.999504,0.000000,0.128649,0.024897,0.191507,1.000000;;
    }
   }

   Frame Bone045 {
    

    FrameTransformMatrix {
     0.121571,-0.351715,0.928179,0.000000,0.930500,-0.285144,-0.229925,0.000000,0.345532,0.891622,0.292605,0.000000,0.016281,0.113460,0.031929,1.000000;;
    }

    Frame Bone046 {
     

     FrameTransformMatrix {
      1.000000,0.000000,0.000000,0.000000,-0.000000,1.000000,0.000000,0.000000,-0.000000,0.000000,1.000000,0.000000,0.141821,0.000000,-0.000000,1.000000;;
     }
    }
   }
  }

  Frame group1 {
   

   FrameTransformMatrix {
    1.000000,0.000000,0.000000,0.000000,0.000000,1.000000,0.000000,0.000000,0.000000,0.000000,1.000000,0.000000,0.000000,0.000000,0.000000,1.000000;;
   }

   Frame Body01 {
    

    FrameTransformMatrix {
     1.000000,0.000000,0.000000,0.000000,0.000000,1.000000,0.000000,0.000000,0.000000,-0.000000,1.000000,0.000000,0.000000,0.000000,0.000000,1.000000;;
    }

    Mesh Body01 {
     6420;
     0.444529;-0.008274;1.158029;,
     0.465577;-0.003999;1.150471;,
     0.440728;-0.008025;1.165426;,
     -0.440728;-0.008025;1.165427;,
     -0.465577;-0.003999;1.150471;,
     -0.444529;-0.008274;1.158029;,
     0.150812;0.039455;0.911071;,
     0.158527;0.045655;0.884370;,
     0.152786;0.042019;0.918051;,
     -0.152786;0.042019;0.918051;,
     -0.158527;0.045655;0.884370;,
     -0.150812;0.039455;0.911071;,
     0.072835;-0.002171;1.326261;,
     0.088150;0.019032;1.324742;,
     0.102459;0.002258;1.360067;,
     0.086038;-0.016585;1.361157;,
     0.057176;-0.030798;1.364599;,
     0.046864;-0.014390;1.329681;,
     0.088647;-0.028562;1.382399;,
     0.057234;-0.046762;1.397123;,
     0.108418;-0.015097;1.379580;,
     0.111180;-0.031583;1.401370;,
     0.023991;-0.035789;1.367259;,
     0.019419;-0.016637;1.333494;,
     0.090825;-0.040083;1.399457;,
     0.109947;-0.042387;1.419395;,
     0.109780;-0.042467;1.419440;,
     0.103196;-0.051278;1.439594;,
     0.090827;-0.050810;1.424152;,
     0.082073;-0.059006;1.450012;,
     0.090959;-0.058507;1.470428;,
     0.000031;-0.033898;1.368111;,
     -0.000038;-0.011407;1.336148;,
     -0.019496;-0.016637;1.333494;,
     -0.023929;-0.035790;1.367258;,
     -0.046941;-0.014390;1.329681;,
     0.000031;-0.051691;1.398073;,
     0.026787;-0.052688;1.397598;,
     0.000031;-0.059183;1.428632;,
     0.057040;-0.057215;1.425798;,
     0.025037;-0.062018;1.428125;,
     0.023501;-0.065799;1.453917;,
     0.055991;-0.062660;1.452238;,
     0.075404;-0.060346;1.475465;,
     0.053196;-0.062955;1.478131;,
     0.071643;-0.053774;1.498685;,
     0.083963;-0.052536;1.493942;,
     0.074515;-0.037835;1.515619;,
     0.057821;-0.037568;1.520634;,
     0.072659;-0.017138;1.521282;,
     0.052924;-0.054936;1.503658;,
     0.030361;-0.057507;1.509328;,
     0.025017;-0.064431;1.480627;,
     0.000031;-0.063774;1.455991;,
     0.000031;-0.063363;1.482279;,
     0.059775;-0.016205;1.527576;,
     0.041631;-0.035583;1.531204;,
     0.062415;0.005096;1.516935;,
     0.073331;0.006851;1.512530;,
     0.076169;0.026659;1.502623;,
     -0.023439;-0.065799;1.453917;,
     -0.024956;-0.064431;1.480627;,
     -0.030299;-0.057507;1.509328;,
     0.000031;-0.059117;1.512160;,
     0.022739;-0.048756;1.528744;,
     -0.053134;-0.062955;1.478131;,
     0.000031;-0.053388;1.528403;,
     0.020054;-0.045692;1.535544;,
     0.037961;-0.033268;1.536576;,
     0.048908;-0.016258;1.533662;,
     0.000015;-0.049081;1.536073;,
     0.049611;0.003830;1.521984;,
     -0.020024;-0.045692;1.535544;,
     -0.022677;-0.048756;1.528744;,
     0.056833;0.004434;1.518255;,
     0.053963;0.028300;1.508101;,
     -0.041569;-0.035583;1.531203;,
     -0.037930;-0.033268;1.536576;,
     -0.048877;-0.016258;1.533662;,
     0.065094;0.027882;1.506135;,
     0.050360;0.041680;1.496509;,
     0.067559;0.039490;1.496199;,
     0.079199;0.037396;1.495803;,
     -0.059713;-0.016205;1.527576;,
     -0.049580;0.003830;1.521984;,
     -0.057759;-0.037568;1.520634;,
     0.062897;0.045973;1.489971;,
     0.042404;0.060192;1.485410;,
     0.071484;0.049048;1.485604;,
     0.082661;0.046002;1.485297;,
     0.056034;0.060024;1.480803;,
     0.034148;0.074397;1.474880;,
     0.072451;0.059239;1.476035;,
     0.086871;0.055519;1.474300;,
     0.048629;0.075842;1.470911;,
     0.026405;0.088936;1.463946;,
     0.079849;0.071565;1.463582;,
     0.093102;0.068278;1.461273;,
     0.098419;0.080787;1.448371;,
     0.064635;0.074216;1.466566;,
     0.041615;0.091481;1.461540;,
     0.016713;0.107186;1.452386;,
     0.086244;0.086459;1.453237;,
     0.059930;0.092479;1.458643;,
     0.091460;0.099219;1.442304;,
     0.104930;0.093908;1.435182;,
     0.072665;0.103063;1.449413;,
     0.055750;0.105227;1.451625;,
     0.049441;0.122355;1.442852;,
     0.034455;0.106152;1.451975;,
     0.027567;0.121779;1.442772;,
     0.009077;0.121245;1.442674;,
     0.000794;0.138073;1.431810;,
     -0.000316;0.137175;1.432350;,
     -0.013048;0.152507;1.418572;,
     0.100254;0.109883;1.429797;,
     0.108885;0.102266;1.420549;,
     0.088157;0.115036;1.438687;,
     0.107501;0.121255;1.412912;,
     0.112574;0.109610;1.407118;,
     0.021573;0.137721;1.432682;,
     -0.010118;0.153684;1.419808;,
     -0.022262;0.161472;1.407551;,
     0.070373;0.119867;1.443201;,
     0.068168;0.136513;1.437011;,
     0.095937;0.131030;1.426175;,
     0.109634;0.126682;1.398977;,
     0.112388;0.115054;1.393295;,
     0.108578;0.130426;1.382500;,
     0.110704;0.115751;1.376677;,
     0.106422;0.110631;1.360915;,
     0.103019;0.132707;1.416073;,
     0.084449;0.134543;1.433865;,
     0.105596;0.138238;1.404801;,
     0.094909;0.148327;1.416831;,
     0.103992;0.127424;1.365323;,
     0.102691;0.105897;1.352035;,
     0.102641;0.144334;1.393240;,
     0.079149;0.154108;1.424277;,
     0.097078;0.143252;1.371313;,
     0.091392;0.158270;1.404272;,
     0.095047;0.153783;1.383783;,
     0.098525;0.132561;1.359924;,
     0.099300;0.120673;1.352862;,
     0.084337;0.153299;1.363270;,
     0.084831;0.142240;1.352452;,
     0.094509;0.110100;1.341480;,
     0.098986;0.096139;1.339022;,
     0.101028;0.081526;1.344336;,
     0.099376;0.080740;1.336286;,
     0.082343;0.130029;1.344996;,
     0.061993;0.151066;1.349166;,
     0.061056;0.142064;1.340396;,
     0.036155;0.155610;1.348887;,
     0.035946;0.152308;1.334822;,
     0.012896;0.154887;1.332017;,
     0.064262;0.159726;1.360160;,
     0.014152;0.158266;1.349444;,
     0.000031;0.155495;1.330087;,
     0.084380;0.160469;1.376682;,
     0.050675;0.162638;1.363386;,
     0.069803;0.168598;1.380948;,
     0.084588;0.164716;1.392678;,
     0.075001;0.167338;1.410840;,
     0.072132;0.169519;1.397939;,
     0.055829;0.170181;1.399319;,
     0.053593;0.169108;1.381777;,
     0.035624;0.165199;1.370445;,
     0.058361;0.167419;1.411899;,
     0.016786;0.166903;1.372582;,
     0.016386;0.167787;1.385264;,
     0.036313;0.167059;1.384406;,
     0.036111;0.168298;1.398766;,
     0.000031;0.158553;1.349589;,
     0.037106;0.165062;1.410346;,
     0.063511;0.154481;1.427861;,
     0.038776;0.151523;1.426747;,
     0.044030;0.138914;1.435357;,
     0.016054;0.166651;1.399102;,
     0.028474;0.161833;1.413219;,
     0.017440;0.151930;1.422949;,
     0.016525;0.162477;1.410862;,
     0.000031;0.162709;1.409041;,
     0.000051;0.153069;1.420827;,
     0.000031;0.167411;1.397285;,
     -0.020182;0.164108;1.406368;,
     -0.028693;0.165264;1.398947;,
     -0.015872;0.166888;1.397960;,
     -0.016325;0.168036;1.385264;,
     -0.027432;0.167698;1.397536;,
     -0.038595;0.167757;1.385212;,
     -0.037149;0.169229;1.383829;,
     -0.051611;0.162636;1.363388;,
     0.000031;0.168065;1.385908;,
     0.000031;0.167528;1.373982;,
     -0.050659;0.164977;1.363377;,
     -0.057062;0.151930;1.349106;,
     -0.035562;0.168348;1.370445;,
     -0.036093;0.155609;1.348888;,
     -0.016725;0.167902;1.372591;,
     -0.057666;0.153637;1.349090;,
     -0.060994;0.142062;1.340398;,
     -0.061848;0.143608;1.339729;,
     -0.035884;0.152307;1.334823;,
     -0.012834;0.154887;1.332018;,
     -0.014090;0.158267;1.349443;,
     -0.099345;0.080739;1.336287;,
     -0.100996;0.081523;1.344337;,
     -0.098924;0.096136;1.339024;,
     -0.102629;0.105915;1.352026;,
     -0.094447;0.110097;1.341483;,
     -0.099238;0.120682;1.352857;,
     -0.082281;0.130035;1.344991;,
     -0.103930;0.127424;1.365323;,
     -0.106360;0.110637;1.360912;,
     -0.108517;0.130426;1.382500;,
     -0.110642;0.115751;1.376677;,
     -0.112326;0.115054;1.393295;,
     -0.109572;0.126682;1.398977;,
     -0.112512;0.109610;1.407118;,
     -0.107439;0.121255;1.412912;,
     -0.108824;0.102266;1.420549;,
     -0.100192;0.109883;1.429797;,
     -0.104868;0.093908;1.435182;,
     -0.091398;0.099219;1.442304;,
     -0.098357;0.080787;1.448371;,
     -0.084770;0.142247;1.352445;,
     -0.098463;0.132561;1.359924;,
     -0.097016;0.143252;1.371313;,
     -0.061931;0.151074;1.349158;,
     -0.060994;0.142062;1.340398;,
     -0.057062;0.151930;1.349106;,
     -0.051611;0.162636;1.363388;,
     -0.084275;0.153299;1.363270;,
     -0.064200;0.159724;1.360162;,
     -0.102580;0.144334;1.393241;,
     -0.094985;0.153783;1.383783;,
     -0.084319;0.160469;1.376682;,
     -0.069741;0.168598;1.380948;,
     -0.084527;0.164716;1.392679;,
     -0.105534;0.138238;1.404801;,
     -0.091330;0.158270;1.404272;,
     -0.102957;0.132707;1.416073;,
     -0.094847;0.148327;1.416831;,
     -0.095876;0.131030;1.426175;,
     -0.088095;0.115036;1.438687;,
     -0.084388;0.134543;1.433865;,
     -0.079087;0.154108;1.424277;,
     -0.074939;0.167338;1.410840;,
     -0.068106;0.136513;1.437011;,
     -0.072070;0.169519;1.397939;,
