xof 0303txt 0032
template ColorRGBA {
 <35ff44e0-6c7c-11cf-8f52-0040333594a3>
 FLOAT red;
 FLOAT green;
 FLOAT blue;
 FLOAT alpha;
}

template ColorRGB {
 <d3e16e81-7835-11cf-8f52-0040333594a3>
 FLOAT red;
 FLOAT green;
 FLOAT blue;
}

template Material {
 <3d82ab4d-62da-11cf-ab39-0020af71e433>
 ColorRGBA faceColor;
 FLOAT power;
 ColorRGB specularColor;
 ColorRGB emissiveColor;
 [...]
}

template TextureFilename {
 <a42790e1-7810-11cf-8f52-0040333594a3>
 STRING filename;
}

template Frame {
 <3d82ab46-62da-11cf-ab39-0020af71e433>
 [...]
}

template Matrix4x4 {
 <f6f23f45-7686-11cf-8f52-0040333594a3>
 array FLOAT matrix[16];
}

template FrameTransformMatrix {
 <f6f23f41-7686-11cf-8f52-0040333594a3>
 Matrix4x4 frameMatrix;
}

template Vector {
 <3d82ab5e-62da-11cf-ab39-0020af71e433>
 FLOAT x;
 FLOAT y;
 FLOAT z;
}

template MeshFace {
 <3d82ab5f-62da-11cf-ab39-0020af71e433>
 DWORD nFaceVertexIndices;
 array DWORD faceVertexIndices[nFaceVertexIndices];
}

template Mesh {
 <3d82ab44-62da-11cf-ab39-0020af71e433>
 DWORD nVertices;
 array Vector vertices[nVertices];
 DWORD nFaces;
 array MeshFace faces[nFaces];
 [...]
}

template MeshNormals {
 <f6f23f43-7686-11cf-8f52-0040333594a3>
 DWORD nNormals;
 array Vector normals[nNormals];
 DWORD nFaceNormals;
 array MeshFace faceNormals[nFaceNormals];
}

template MeshMaterialList {
 <f6f23f42-7686-11cf-8f52-0040333594a3>
 DWORD nMaterials;
 DWORD nFaceIndexes;
 array DWORD faceIndexes[nFaceIndexes];
 [Material <3d82ab4d-62da-11cf-ab39-0020af71e433>]
}

template Coords2d {
 <f6f23f44-7686-11cf-8f52-0040333594a3>
 FLOAT u;
 FLOAT v;
}

template MeshTextureCoords {
 <f6f23f40-7686-11cf-8f52-0040333594a3>
 DWORD nTextureCoords;
 array Coords2d textureCoords[nTextureCoords];
}

template XSkinMeshHeader {
 <3cf169ce-ff7c-44ab-93c0-f78f62d172e2>
 WORD nMaxSkinWeightsPerVertex;
 WORD nMaxSkinWeightsPerFace;
 WORD nBones;
}

template SkinWeights {
 <6f0d123b-bad2-4167-a0d0-80224f25fabb>
 STRING transformNodeName;
 DWORD nWeights;
 array DWORD vertexIndices[nWeights];
 array FLOAT weights[nWeights];
 Matrix4x4 matrixOffset;
}

template AnimTicksPerSecond {
 <9e415a43-7ba6-4a73-8743-b73d47e88476>
 DWORD AnimTicksPerSecond;
}

template Animation {
 <3d82ab4f-62da-11cf-ab39-0020af71e433>
 [...]
}

template AnimationSet {
 <3d82ab50-62da-11cf-ab39-0020af71e433>
 [Animation <3d82ab4f-62da-11cf-ab39-0020af71e433>]
}

template FloatKeys {
 <10dd46a9-775b-11cf-8f52-0040333594a3>
 DWORD nValues;
 array FLOAT values[nValues];
}

template TimedFloatKeys {
 <f406b180-7b3b-11cf-8f52-0040333594a3>
 DWORD time;
 FloatKeys tfkeys;
}

template AnimationKey {
 <10dd46a8-775b-11cf-8f52-0040333594a3>
 DWORD keyType;
 DWORD nKeys;
 array TimedFloatKeys keys[nKeys];
}


Material Avatar_Kiana_C1_Material_Body_White {
 1.000000;1.000000;1.000000;1.000000;;
 0.000000;
 0.000000;0.000000;0.000000;;
 0.000000;0.000000;0.000000;;

 TextureFilename {
  "Avatar_Kiana_C1_Texture_Body_Color_RGB2048.png";
 }
}

Material Avatar_Kiana_C1_Material_Body_Brown {
 1.000000;1.000000;1.000000;1.000000;;
 0.000000;
 0.000000;0.000000;0.000000;;
 0.000000;0.000000;0.000000;;

 TextureFilename {
  "Avatar_Kiana_C1_Texture_Body_Color_RGB2048.png";
 }
}

Material Avatar_Kiana_C1_Material_Body_Skin {
 1.000000;1.000000;1.000000;1.000000;;
 0.000000;
 0.000000;0.000000;0.000000;;
 0.000000;0.000000;0.000000;;

 TextureFilename {
  "Avatar_Kiana_C1_Texture_Body_Color_RGB2048.png";
 }
}

Material Avatar_Kiana_Face_Empty {
 1.000000;1.000000;1.000000;1.000000;;
 0.000000;
 0.000000;0.000000;0.000000;;
 0.000000;0.000000;0.000000;;

 TextureFilename {
  "Avatar_Kiana_C1_Texture_Face_Color.png";
 }
}

Material Avatar_Kiana_C1_Material_Hair {
 1.000000;1.000000;1.000000;1.000000;;
 0.000000;
 0.000000;0.000000;0.000000;;
 0.000000;0.000000;0.000000;;

 TextureFilename {
  "Avatar_Kiana_C1_Texture_Hair_Color_Common.png";
 }
}

Material Avatar_Kiana_C1_Material_Cloak {
 1.000000;1.000000;1.000000;1.000000;;
 0.000000;
 0.000000;0.000000;0.000000;;
 0.000000;0.000000;0.000000;;

 TextureFilename {
  "Avatar_Kiana_C1_Texture_Body_Color_RGB2048.png";
 }
}

Material Avatar_Kiana_C1_Material_Metal {
 1.000000;1.000000;1.000000;1.000000;;
 0.000000;
 0.000000;0.000000;0.000000;;
 0.000000;0.000000;0.000000;;

 TextureFilename {
  "Avatar_Kiana_C1_Texture_Body_Color_RGB2048.png";
 }
}

Frame Avatar_Kiana_C1_FX_Island_1 {
 

 FrameTransformMatrix {
  0.629921,0.000000,0.000000,0.000000,0.000000,0.629921,0.000000,0.000000,0.000000,0.000000,0.629921,0.000000,0.000000,0.000000,0.000000,1.000000;;
 }

 Frame Bip001 {
  

  FrameTransformMatrix {
   0.026962,0.999397,-0.021862,0.000000,0.145449,0.017715,0.989207,0.000000,0.988998,-0.029851,-0.144884,0.000000,-0.003809,0.000000,0.948220,1.000000;;
  }

  Frame Bip001_Pelvis {
   

   FrameTransformMatrix {
    -0.000000,0.998579,0.053291,0.000000,-0.000002,-0.053291,0.998579,0.000000,1.000000,-0.000000,0.000002,0.000000,0.000000,0.000000,0.000000,1.000000;;
   }

   Frame Bip001_Spine {
    

    FrameTransformMatrix {
     0.995929,-0.070561,0.056098,0.000000,0.071913,0.997158,-0.022446,0.000000,-0.054354,0.026388,0.998173,0.000000,0.095893,-0.005119,0.022887,1.000000;;
    }

    Frame Bip001_L_Thigh {
     

     FrameTransformMatrix {
      -0.894557,0.391814,0.215056,0.000000,-0.350750,-0.913630,0.205560,0.000000,0.277023,0.108454,0.954723,0.000000,-0.097568,0.082801,-0.015372,1.000000;;
     }

     Frame Bip001_L_Calf {
      

      FrameTransformMatrix {
       0.963622,-0.000000,-0.267267,0.000000,0.000000,1.000000,-0.000000,0.000000,0.267267,-0.000000,0.963622,0.000000,0.398688,0.000000,0.000000,1.000000;;
      }

      Frame Bip001_L_Foot {
       

       FrameTransformMatrix {
        0.965480,0.249712,0.074104,0.000000,-0.245972,0.967654,-0.056064,0.000000,-0.085707,0.035901,0.995673,0.000000,0.463038,-0.000000,0.000000,1.000000;;
       }

       Frame Bip001_L_Toe0 {
        

        FrameTransformMatrix {
         -0.000871,0.000225,1.000000,0.000000,-0.000180,1.000000,-0.000225,0.000000,-1.000000,-0.000180,-0.000871,0.000000,0.094047,-0.000000,0.093380,1.000000;;
        }
       }
      }
     }
    }

    Frame Bip001_R_Thigh {
     

     FrameTransformMatrix {
      -0.994403,0.049320,0.093439,0.000000,-0.060661,-0.990587,-0.122709,0.000000,0.086508,-0.127690,0.988034,0.000000,-0.090597,-0.086674,-0.007690,1.000000;;
     }

     Frame Bip001_R_Calf {
      

      FrameTransformMatrix {
       0.986790,-0.000000,-0.162005,0.000000,0.000000,1.000000,0.000000,0.000000,0.162005,-0.000000,0.986790,0.000000,0.398688,0.000000,-0.000000,1.000000;;
      }

      Frame Bip001_R_Foot {
       

       FrameTransformMatrix {
        0.988026,-0.071099,0.136929,0.000000,0.082425,0.993469,-0.078899,0.000000,-0.130425,0.089241,0.987434,0.000000,0.463038,0.000000,0.000000,1.000000;;
       }

       Frame Bip001_R_Toe0 {
        

        FrameTransformMatrix {
         -0.000003,0.000017,1.000000,0.000000,0.000005,1.000000,-0.000017,0.000000,-1.000000,0.000005,-0.000003,0.000000,0.094047,0.000000,0.093380,1.000000;;
        }
       }
      }
     }
    }

    Frame Bip001_Spine1 {
     

     FrameTransformMatrix {
      0.998103,-0.057036,-0.023193,0.000000,0.056921,0.998363,-0.005594,0.000000,0.023474,0.004263,0.999715,0.000000,0.063154,-0.000000,-0.000084,1.000000;;
     }

     Frame Bip001_Spine2 {
      

      FrameTransformMatrix {
       0.985330,-0.093225,-0.142949,0.000000,0.095817,0.995334,0.011342,0.000000,0.141225,-0.024873,0.989665,0.000000,0.105376,0.000003,-0.000114,1.000000;;
      }

      Frame Bip001_Neck {
       

       FrameTransformMatrix {
        0.970971,0.014525,0.238754,0.000000,-0.024307,0.998979,0.038078,0.000000,-0.237957,-0.042776,0.970333,0.000000,0.168516,0.000002,-0.049166,1.000000;;
       }

       Frame Bip001_Head {
        

        FrameTransformMatrix {
         0.999096,-0.024851,0.034502,0.000000,0.025200,0.999635,-0.009714,0.000000,-0.034248,0.010575,0.999358,0.000000,0.066457,-0.000000,0.000000,1.000000;;
        }

        Frame Bip001_HeadNub {
         

         FrameTransformMatrix {
          1.000000,0.000000,0.000000,0.000000,-0.000000,1.000000,-0.000000,0.000000,-0.000000,0.000000,1.000000,0.000000,0.211461,-0.000000,0.000000,1.000000;;
         }
        }

        Frame Bone001 {
         

         FrameTransformMatrix {
          -0.878743,-0.386839,-0.279583,0.000000,0.289095,-0.897470,0.333125,0.000000,-0.379783,0.211905,0.900478,0.000000,0.080958,-0.050955,-0.048000,1.000000;;
         }

         Frame Bone002 {
          

          FrameTransformMatrix {
           0.995717,-0.037060,-0.084707,0.000000,0.036434,0.999296,-0.008917,0.000000,0.084978,0.005793,0.996366,0.000000,0.118374,0.000000,0.000000,1.000000;;
          }

          Frame Bone003 {
           

           FrameTransformMatrix {
            0.995490,-0.093745,0.014553,0.000000,0.094053,0.995322,-0.022123,0.000000,-0.012411,0.023392,0.999650,0.000000,0.077665,0.000000,-0.000000,1.000000;;
           }

           Frame Bone004 {
            

            FrameTransformMatrix {
             0.986406,0.017895,0.163348,0.000000,-0.018151,0.999835,0.000072,0.000000,-0.163319,-0.003036,0.986569,0.000000,0.070440,0.000000,-0.000000,1.000000;;
            }

            Frame Bone005 {
             

             FrameTransformMatrix {
              0.996738,0.040716,0.069685,0.000000,-0.041002,0.999156,0.002685,0.000000,-0.069517,-0.005533,0.997566,0.000000,0.073064,-0.000000,0.000000,1.000000;;
             }

             Frame Bone006 {
              

              FrameTransformMatrix {
               0.991775,0.072389,0.105558,0.000000,-0.070208,0.997238,-0.024238,0.000000,-0.107021,0.016627,0.994118,0.000000,0.061550,0.000000,0.000000,1.000000;;
              }

              Frame Bone007 {
               

               FrameTransformMatrix {
                0.950338,0.305197,0.060935,0.000000,-0.306893,0.951522,0.020529,0.000000,-0.051716,-0.038210,0.997931,0.000000,0.060448,0.000000,0.000000,1.000000;;
               }

               Frame Bone008 {
                

                FrameTransformMatrix {
                 0.985813,0.121574,0.115722,0.000000,-0.120092,0.992567,-0.019714,0.000000,-0.117259,0.005537,0.993086,0.000000,0.068914,0.000000,-0.000000,1.000000;;
                }

                Frame Bone009 {
                 

                 FrameTransformMatrix {
                  1.000000,0.000001,-0.000000,0.000000,-0.000001,1.000000,-0.000000,0.000000,0.000000,0.000000,1.000000,0.000000,0.078862,0.000000,-0.000001,1.000000;;
                 }
                }
               }
              }
             }
            }
           }
          }
         }
        }

        Frame Bone001_mirrored_ {
         

         FrameTransformMatrix {
          -0.914933,0.393173,-0.091171,0.000000,0.343124,0.876666,0.337228,0.000000,0.212515,0.277259,-0.936998,0.000000,0.080957,0.050950,-0.048001,1.000000;;
         }

         Frame Bone002_mirrored_ {
          

          FrameTransformMatrix {
           0.993080,-0.039179,0.110708,0.000000,0.038373,0.999219,0.009405,0.000000,-0.110990,-0.005092,0.993808,0.000000,0.118373,-0.000000,0.000000,1.000000;;
          }

          Frame Bone003_mirrored_ {
           

           FrameTransformMatrix {
            0.991724,-0.105274,0.073495,0.000000,0.103824,0.994323,0.023289,0.000000,-0.075529,-0.015466,0.997024,0.000000,0.077666,-0.000000,0.000000,1.000000;;
           }

           Frame Bone004_mirrored_ {
            

            FrameTransformMatrix {
             0.997597,-0.005856,-0.069029,0.000000,0.005844,0.999983,-0.000373,0.000000,0.069030,-0.000031,0.997615,0.000000,0.070440,0.000000,0.000000,1.000000;;
            }

            Frame Bone005_mirrored_ {
             

             FrameTransformMatrix {
              0.999556,-0.008909,-0.028424,0.000000,0.008876,0.999960,-0.001289,0.000000,0.028434,0.001036,0.999595,0.000000,0.073064,0.000000,-0.000000,1.000000;;
             }

             Frame Bone006_mirrored_ {
              

              FrameTransformMatrix {
               0.998715,-0.001524,-0.050650,0.000000,0.001744,0.999989,0.004301,0.000000,0.050643,-0.004384,0.998707,0.000000,0.061550,-0.000000,-0.000000,1.000000;;
              }

              Frame Bone007_mirrored_ {
               

               FrameTransformMatrix {
                0.972688,0.218993,-0.076946,0.000000,-0.220915,0.975139,-0.017320,0.000000,0.071240,0.033845,0.996885,0.000000,0.060448,0.000000,-0.000000,1.000000;;
               }

               Frame Bone008_mirrored_ {
                

                FrameTransformMatrix {
                 0.993437,0.037737,-0.107976,0.000000,-0.036855,0.999269,0.010158,0.000000,0.108280,-0.006112,0.994102,0.000000,0.068914,-0.000000,0.000000,1.000000;;
                }

                Frame Bone009_mirrored_ {
                 

                 FrameTransformMatrix {
                  1.000000,0.000000,-0.000000,0.000000,0.000000,1.000000,0.000000,0.000000,0.000001,-0.000000,1.000000,0.000000,0.078862,0.000000,0.000001,1.000000;;
                 }
                }
               }
              }
             }
            }
           }
          }
         }
        }
       }

       Frame Bip001_L_Clavicle {
        

        FrameTransformMatrix {
         -0.186229,0.982085,-0.028796,0.000000,0.952770,0.173359,-0.249354,0.000000,-0.239894,-0.073873,-0.967984,0.000000,-0.026857,0.028433,0.003659,1.000000;;
        }

        Frame Bip001_L_UpperArm {
         

         FrameTransformMatrix {
          0.347504,-0.918363,0.189343,0.000000,0.862529,0.392276,0.319631,0.000000,-0.367812,0.052240,0.928432,0.000000,0.091382,0.000000,0.000000,1.000000;;
         }

         Frame Bip001_L_Forearm {
          

          FrameTransformMatrix {
           0.966741,0.000000,-0.255757,0.000000,-0.000000,1.000000,-0.000000,0.000000,0.255757,0.000000,0.966741,0.000000,0.226918,0.000000,0.000000,1.000000;;
          }

          Frame Bip001_L_Hand {
           

           FrameTransformMatrix {
            0.991897,0.101167,0.076852,0.000000,-0.091351,0.147525,0.984830,0.000000,0.088295,-0.983871,0.155571,0.000000,0.226160,0.000000,-0.000000,1.000000;;
           }

           Frame Bip001_L_Finger0 {
            

            FrameTransformMatrix {
             0.453760,-0.216689,0.864377,0.000000,0.590965,-0.652833,-0.473887,0.000000,0.666980,0.725848,-0.168174,0.000000,0.028252,-0.027448,0.014645,1.000000;;
            }

            Frame Bip001_L_Finger01 {
             

             FrameTransformMatrix {
              0.618873,0.000000,0.785491,0.000000,0.000000,1.000000,-0.000000,0.000000,-0.785491,0.000000,0.618873,0.000000,0.035439,-0.000000,-0.000000,1.000000;;
             }

             Frame Bip001_L_Finger02 {
              

              FrameTransformMatrix {
               0.896342,0.000000,0.443364,0.000000,0.000000,1.000000,-0.000000,0.000000,-0.443364,0.000000,0.896342,0.000000,0.021302,0.000000,-0.000000,1.000000;;
              }
             }
            }
           }

           Frame Bip001_L_Finger1 {
            

            FrameTransformMatrix {
             0.924740,-0.004558,0.380572,0.000000,0.015817,0.999525,-0.026463,0.000000,-0.380270,0.030491,0.924373,0.000000,0.085401,-0.025777,0.003572,1.000000;;
            }

            Frame Bip001_L_Finger11 {
             

             FrameTransformMatrix {
              0.924018,-0.000000,0.382349,0.000000,-0.000000,1.000000,0.000000,0.000000,-0.382349,-0.000000,0.924018,0.000000,0.030594,0.000000,0.000000,1.000000;;
             }

             Frame Bip001_L_Finger12 {
              

              FrameTransformMatrix {
               -0.024146,-0.000000,0.999708,0.000000,-0.000000,1.000000,0.000000,0.000000,-0.999708,-0.000000,-0.024146,0.000000,0.022076,0.000000,-0.000000,1.000000;;
              }
             }
            }
           }

           Frame Bip001_L_Finger2 {
            

            FrameTransformMatrix {
             0.503094,0.345316,0.792246,0.000000,-0.356481,0.918004,-0.173757,0.000000,-0.787285,-0.195004,0.584941,0.000000,0.085131,-0.006742,-0.002657,1.000000;;
            }

            Frame Bip001_L_Finger21 {
             

             FrameTransformMatrix {
              0.655168,-0.000000,0.755484,0.000000,-0.000000,1.000000,0.000000,0.000000,-0.755484,-0.000000,0.655168,0.000000,0.036510,0.000000,-0.000000,1.000000;;
             }

             Frame Bip001_L_Finger22 {
              

              FrameTransformMatrix {
               0.226528,0.000000,0.974004,0.000000,0.000000,1.000000,-0.000000,0.000000,-0.974005,0.000000,0.226528,0.000000,0.025161,0.000000,0.000000,1.000000;;
              }
             }
            }
           }

           Frame Bip001_L_Finger3 {
            

            FrameTransformMatrix {
             0.564024,0.261634,0.783214,0.000000,-0.213433,0.962439,-0.167802,0.000000,-0.797699,-0.072519,0.598681,0.000000,0.083354,0.013486,0.003624,1.000000;;
            }

            Frame Bip001_L_Finger31 {
             

             FrameTransformMatrix {
              0.545574,-0.000000,0.838062,0.000000,0.000000,1.000000,0.000000,0.000000,-0.838062,0.000000,0.545574,0.000000,0.032739,-0.000000,-0.000000,1.000000;;
             }

             Frame Bip001_L_Finger32 {
              

              FrameTransformMatrix {
               0.188733,0.000000,0.982028,0.000000,-0.000000,1.000000,-0.000000,0.000000,-0.982028,-0.000000,0.188733,0.000000,0.027553,-0.000000,0.000000,1.000000;;
              }
             }
            }
           }

           Frame Bip001_L_Finger4 {
            

            FrameTransformMatrix {
             0.958901,0.268985,0.090307,0.000000,-0.266334,0.963032,-0.040444,0.000000,-0.097847,0.014730,0.995093,0.000000,0.072276,0.028917,0.009575,1.000000;;
            }

            Frame Bip001_L_Finger41 {
             

             FrameTransformMatrix {
              0.532884,-0.000000,0.846188,0.000000,0.000000,1.000000,0.000000,0.000000,-0.846188,0.000000,0.532884,0.000000,0.022063,0.000000,-0.000000,1.000000;;
             }

             Frame Bip001_L_Finger42 {
              

              FrameTransformMatrix {
               0.675980,0.000000,0.736920,0.000000,0.000000,1.000000,-0.000000,0.000000,-0.736920,0.000000,0.675980,0.000000,0.018254,0.000000,-0.000000,1.000000;;
              }
             }
            }
           }
          }
         }
        }

        Frame Bone010 {
         

         FrameTransformMatrix {
          0.284713,-0.890032,0.356065,0.000000,-0.026275,0.364052,0.931008,0.000000,-0.958253,-0.274426,0.080265,0.000000,0.024466,0.023524,0.039603,1.000000;;
         }

         Frame Bone011 {
          

          FrameTransformMatrix {
           0.999112,-0.008257,-0.041325,0.000000,0.008247,0.999966,-0.000400,0.000000,0.041327,0.000059,0.999146,0.000000,0.121624,0.000000,0.000001,1.000000;;
          }

          Frame Bone012 {
           

           FrameTransformMatrix {
            0.998318,-0.013436,0.056398,0.000000,0.013429,0.999910,0.000490,0.000000,-0.056399,0.000268,0.998408,0.000000,0.117619,0.000000,-0.000001,1.000000;;
           }

           Frame Bone013 {
            

            FrameTransformMatrix {
             0.999541,-0.024602,-0.017699,0.000000,0.024594,0.999697,-0.000708,0.000000,0.017711,0.000272,0.999843,0.000000,0.135812,0.000000,0.000000,1.000000;;
            }
           }
          }
         }
        }
       }

       Frame Bip001_R_Clavicle {
        

        FrameTransformMatrix {
         -0.138671,-0.990295,-0.009252,0.000000,-0.961418,0.132374,0.241151,0.000000,-0.237586,0.042335,-0.970444,0.000000,-0.027686,-0.017129,0.012248,1.000000;;
        }

        Frame Bip001_R_UpperArm {
         

         FrameTransformMatrix {
          0.376919,0.886034,0.269955,0.000000,-0.880827,0.433021,-0.191404,0.000000,-0.286487,-0.165640,0.943657,0.000000,0.091382,0.000000,0.000000,1.000000;;
         }

         Frame Bip001_R_Forearm {
          

          FrameTransformMatrix {
           0.941619,-0.000000,-0.336680,0.000000,0.000000,1.000000,0.000000,0.000000,0.336680,-0.000000,0.941619,0.000000,0.226918,0.000000,0.000000,1.000000;;
          }

          Frame Bip001_R_Hand {
           

           FrameTransformMatrix {
            0.991897,-0.101167,0.076851,0.000000,0.091351,0.147525,-0.984830,0.000000,0.088295,0.983870,0.155572,0.000000,0.226160,0.000000,0.000000,1.000000;;
           }

           Frame Bip001_R_Finger0 {
            

            FrameTransformMatrix {
             0.313226,0.355657,0.880567,0.000000,-0.590965,-0.652833,0.473888,0.000000,0.743405,-0.668818,0.005697,0.000000,0.028252,0.027448,0.014645,1.000000;;
            }

            Frame Bip001_R_Finger01 {
             

             FrameTransformMatrix {
              0.532887,0.000000,0.846187,0.000000,-0.000000,1.000000,0.000000,0.000000,-0.846187,-0.000000,0.532887,0.000000,0.035439,0.000000,-0.000000,1.000000;;
             }

             Frame Bip001_R_Finger02 {
              

              FrameTransformMatrix {
               0.896342,-0.000000,0.443364,0.000000,0.000000,1.000000,0.000000,0.000000,-0.443364,-0.000000,0.896342,0.000000,0.021302,0.000000,0.000000,1.000000;;
              }
             }
            }
           }

           Frame Bip001_R_Finger1 {
            

            FrameTransformMatrix {
             0.878589,0.001259,0.477577,0.000000,-0.015817,0.999525,0.026463,0.000000,-0.477316,-0.030804,0.878192,0.000000,0.085401,0.025777,0.003572,1.000000;;
            }

            Frame Bip001_R_Finger11 {
             

             FrameTransformMatrix {
              0.586364,0.000000,0.810047,0.000000,-0.000000,1.000000,-0.000000,0.000000,-0.810047,-0.000000,0.586364,0.000000,0.030594,0.000000,-0.000000,1.000000;;
             }

             Frame Bip001_R_Finger12 {
              

              FrameTransformMatrix {
               0.218300,0.000000,0.975882,0.000000,0.000000,1.000000,-0.000000,0.000000,-0.975882,0.000000,0.218300,0.000000,0.022075,-0.000000,0.000000,1.000000;;
              }
             }
            }
           }

           Frame Bip001_R_Finger2 {
            

            FrameTransformMatrix {
             0.503094,-0.345316,0.792246,0.000000,0.356481,0.918004,0.173757,0.000000,-0.787285,0.195004,0.584940,0.000000,0.085132,0.006742,-0.002657,1.000000;;
            }

            Frame Bip001_R_Finger21 {
             

             FrameTransformMatrix {
              0.655168,0.000000,0.755484,0.000000,-0.000000,1.000000,-0.000000,0.000000,-0.755484,0.000000,0.655168,0.000000,0.036510,0.000000,0.000000,1.000000;;
             }

             Frame Bip001_R_Finger22 {
              

              FrameTransformMatrix {
               0.513948,-0.000000,0.857821,0.000000,0.000000,1.000000,0.000000,0.000000,-0.857822,-0.000000,0.513948,0.000000,0.025161,-0.000000,0.000000,1.000000;;
              }
             }
            }
           }

           Frame Bip001_R_Finger3 {
            

            FrameTransformMatrix {
             0.564025,-0.261634,0.783214,0.000000,0.213433,0.962439,0.167802,0.000000,-0.797698,0.072519,0.598681,0.000000,0.083354,-0.013486,0.003624,1.000000;;
            }

            Frame Bip001_R_Finger31 {
             

             FrameTransformMatrix {
              0.545574,0.000000,0.838062,0.000000,-0.000000,1.000000,-0.000000,0.000000,-0.838062,-0.000000,0.545575,0.000000,0.032739,0.000000,0.000000,1.000000;;
             }

             Frame Bip001_R_Finger32 {
              

              FrameTransformMatrix {
               0.188732,-0.000000,0.982029,0.000000,-0.000000,1.000000,0.000000,0.000000,-0.982029,-0.000000,0.188732,0.000000,0.027553,-0.000000,0.000000,1.000000;;
              }
             }
            }
           }

           Frame Bip001_R_Finger4 {
            

            FrameTransformMatrix {
             0.958902,-0.268985,0.090307,0.000000,0.266334,0.963032,0.040444,0.000000,-0.097847,-0.014730,0.995092,0.000000,0.072276,-0.028917,0.009575,1.000000;;
            }

            Frame Bip001_R_Finger41 {
             

             FrameTransformMatrix {
              0.517433,-0.000000,0.855724,0.000000,0.000000,1.000000,0.000000,0.000000,-0.855724,0.000000,0.517433,0.000000,0.022063,-0.000000,-0.000000,1.000000;;
             }

             Frame Bip001_R_Finger42 {
              

              FrameTransformMatrix {
               0.675979,0.000000,0.736920,0.000000,0.000000,1.000000,-0.000000,0.000000,-0.736921,0.000000,0.675980,0.000000,0.018254,0.000000,0.000000,1.000000;;
              }
             }
            }
           }
          }
         }
        }

        Frame Bone015 {
         

         FrameTransformMatrix {
          -0.063745,0.868121,0.492243,0.000000,-0.049571,-0.495391,0.867255,0.000000,0.996734,0.030882,0.074612,0.000000,0.069833,-0.007636,0.034566,1.000000;;
         }

         Frame Bone016 {
          

          FrameTransformMatrix {
           0.926670,-0.202193,0.316862,0.000000,0.213859,0.976863,-0.002090,0.000000,-0.309108,0.069700,0.948470,0.000000,0.138343,-0.000000,-0.000000,1.000000;;
          }

          Frame Bone017 {
           

           FrameTransformMatrix {
            0.999722,-0.022243,-0.007745,0.000000,0.022246,0.999752,0.000303,0.000000,0.007736,-0.000475,0.999969,0.000000,0.142202,0.000000,0.000002,1.000000;;
           }

           Frame Bone018 {
            

            FrameTransformMatrix {
             0.999727,-0.021461,-0.009158,0.000000,0.021458,0.999773,-0.000448,0.000000,0.009165,0.000251,0.999955,0.000000,0.125392,0.000000,0.000002,1.000000;;
            }

            Frame Bone019 {
             

             FrameTransformMatrix {
              0.999755,-0.018594,0.012279,0.000000,0.018579,0.999833,0.001303,0.000000,-0.012301,-0.001075,0.999916,0.000000,0.147374,0.000000,0.000000,1.000000;;
             }
            }
           }
          }
         }
        }
       }
      }

      Frame Bone021 {
       

       FrameTransformMatrix {
        1.000001,0.000000,0.000000,0.000000,-0.000000,0.999999,-0.000000,0.000000,-0.000000,0.000000,1.000002,0.000000,0.049029,-0.040000,0.033507,1.000000;;
       }
      }

      Frame Bone023 {
       

       FrameTransformMatrix {
        -0.097176,0.337388,0.936337,0.000000,-0.043196,-0.941332,0.334705,0.000000,0.994329,-0.007921,0.106049,0.000000,0.044149,0.040000,0.033507,1.000000;;
       }
      }
     }
    }
   }
  }
 }

 Frame Body {
  

  FrameTransformMatrix {
   1.000000,0.000000,0.000000,0.000000,0.000000,1.000000,0.000000,0.000000,0.000000,0.000000,1.000000,0.000000,0.000000,0.000000,0.000000,1.000000;;
  }

  Mesh Body {
   5285;
   -0.044274;0.123120;1.331006;,
   -0.041427;0.109137;1.336819;,
   -0.041070;0.110008;1.338923;,
   0.015463;0.071210;1.372389;,
   -0.000271;0.073534;1.369340;,
   0.014923;0.068996;1.372381;,
   -0.037943;0.059901;1.381460;,
   -0.041127;0.054755;1.382689;,
   -0.034541;0.057860;1.385797;,
   -0.028447;0.088411;1.353431;,
   -0.017339;0.081091;1.360058;,
   -0.030274;0.090189;1.355710;,
   -0.036731;0.142765;1.226086;,
   -0.036943;0.147129;1.213546;,
   -0.016056;0.139886;1.214589;,
   -0.053735;0.127847;1.217918;,
   -0.042021;0.144907;1.211047;,
   -0.036731;0.142765;1.226086;,
   0.047545;0.030776;1.384594;,
   0.034644;0.050152;1.386097;,
   0.032409;0.047201;1.373601;,
   0.034644;0.050152;1.386097;,
   0.012298;0.055813;1.369784;,
   0.032409;0.047201;1.373601;,
   0.060927;0.016071;1.392043;,
   0.054653;-0.003498;1.395198;,
   0.071593;0.018817;1.388517;,
   0.069928;-0.003143;1.390145;,
   0.087974;0.020474;1.386642;,
   0.038746;-0.018157;1.392972;,
   0.087758;-0.000791;1.385790;,
   0.105660;0.022377;1.386049;,
   0.060298;-0.021218;1.377451;,
   0.019923;-0.028399;1.383925;,
   0.019373;-0.026951;1.392161;,
   0.000000;-0.032100;1.392220;,
   0.105965;0.001048;1.382215;,
   0.122092;0.022378;1.383338;,
   0.121977;0.001048;1.378772;,
   0.102341;-0.015329;1.368324;,
   0.113404;-0.016740;1.362487;,
   0.084035;-0.017435;1.372640;,
   0.097846;-0.022563;1.350703;,
   0.107571;-0.022039;1.345708;,
   0.099790;-0.018222;1.325641;,
   0.077418;-0.028065;1.355968;,
   0.096624;-0.023844;1.329148;,
   0.101695;-0.002114;1.301895;,
   0.056141;-0.031537;1.361020;,
   0.074419;-0.029068;1.332367;,
   0.052794;-0.032021;1.333609;,
   0.051002;-0.029636;1.310388;,
   0.094022;-0.015970;1.308098;,
   0.017703;-0.034927;1.361229;,
   0.000000;-0.035972;1.362219;,
   0.017703;-0.037498;1.333578;,
   0.074268;-0.026348;1.310272;,
   0.075200;-0.019159;1.287992;,
   0.090024;-0.007004;1.289677;,
   0.093661;0.011772;1.288749;,
   0.100998;0.021319;1.298318;,
   0.000000;-0.032057;1.384270;,
   -0.019923;-0.028399;1.383925;,
   -0.019373;-0.026951;1.392161;,
   -0.038746;-0.018157;1.392972;,
   0.087260;0.003193;1.274361;,
   0.099453;0.031216;1.290668;,
   0.097835;0.035404;1.304603;,
   0.091355;0.023479;1.273588;,
   0.085215;0.012281;1.261066;,
   0.094671;0.045753;1.275232;,
   0.096217;0.047301;1.299688;,
   0.089086;0.036967;1.258581;,
   0.096763;0.059318;1.305110;,
   0.095823;0.060775;1.287203;,
   0.097515;0.047568;1.310915;,
   0.101669;0.045313;1.308206;,
   0.103019;0.052845;1.310770;,
   0.093589;0.056519;1.322459;,
   0.101110;0.057939;1.325964;,
   0.094689;0.071513;1.314072;,
   0.096590;0.074237;1.296427;,
   0.097808;0.080463;1.278613;,
   0.091481;0.058784;1.334093;,
   0.106466;0.060105;1.345181;,
   0.089151;0.072870;1.326143;,
   0.092282;0.066031;1.260011;,
   0.096353;0.089170;1.306600;,
   0.099319;0.091683;1.278444;,
   0.094991;0.090213;1.264713;,
   0.100414;0.090013;1.290511;,
   0.089937;0.102738;1.252795;,
   0.089431;0.075292;1.242875;,
   0.082088;0.108241;1.227200;,
   0.096613;0.100167;1.265685;,
   0.098011;0.114115;1.282794;,
   0.098413;0.110603;1.295714;,
   0.091123;0.112115;1.310397;,
   0.089515;0.092659;1.318873;,
   0.078934;0.096444;1.328821;,
   0.097610;0.120201;1.271635;,
   0.080130;0.072670;1.339906;,
   0.092381;0.111831;1.256071;,
   0.092233;0.126292;1.261282;,
   0.078456;0.115681;1.243843;,
   0.079352;0.124630;1.247149;,
   0.092508;0.137818;1.277541;,
   0.091258;0.138043;1.267807;,
   0.084455;0.148894;1.265313;,
   0.094066;0.133302;1.289372;,
   0.081600;0.135741;1.253855;,
   0.086849;0.151558;1.282141;,
   0.093169;0.129090;1.300181;,
   0.086504;0.150656;1.293969;,
   0.065508;0.129176;1.239401;,
   0.066631;0.133990;1.243587;,
   0.051976;0.138957;1.237052;,
   0.070331;0.126655;1.225248;,
   0.069108;0.146702;1.252224;,
   0.073082;0.156467;1.264006;,
   0.074571;0.161265;1.283204;,
   0.055126;0.143761;1.243078;,
   0.060240;0.161642;1.263852;,
   0.058726;0.154135;1.252697;,
   0.039876;0.150304;1.249526;,
   0.045122;0.161893;1.263298;,
   0.062972;0.166463;1.283521;,
   0.074859;0.160673;1.296150;,
   0.061422;0.165508;1.297089;,
   0.073240;0.155396;1.308656;,
   0.086159;0.145087;1.304774;,
   0.083167;0.138001;1.312538;,
   0.070566;0.144638;1.318944;,
   0.043581;0.164535;1.296136;,
   0.059871;0.160265;1.310092;,
   0.058783;0.147714;1.320463;,
   0.068539;0.131848;1.324292;,
   0.081718;0.127076;1.319016;,
   0.080241;0.114735;1.323660;,
   0.067636;0.117774;1.328725;,
   0.065425;0.099117;1.333975;,
   0.042732;0.165609;1.281565;,
   0.056528;0.135847;1.326628;,
   0.055616;0.121023;1.331469;,
   0.053773;0.102564;1.336845;,
   0.040304;0.147767;1.316622;,
   0.042114;0.158526;1.308683;,
   0.023970;0.162665;1.277461;,
   0.023140;0.162836;1.292862;,
   0.023140;0.157770;1.307244;,
   0.023140;0.147217;1.316167;,
   0.023970;0.156106;1.258231;,
   0.036001;0.143831;1.240044;,
   0.039543;0.137059;1.324359;,
   0.023140;0.136556;1.323604;,
   0.038823;0.123728;1.330872;,
   0.021128;0.123445;1.331978;,
   0.037569;0.107642;1.337919;,
   0.019815;0.109098;1.339020;,
   0.036758;0.093045;1.349235;,
   0.052898;0.083657;1.348185;,
   0.067000;0.076208;1.345655;,
   0.068752;0.061644;1.359738;,
   0.086097;0.058656;1.350885;,
   0.096787;0.058123;1.348478;,
   0.085705;0.050004;1.365566;,
   0.099089;0.051527;1.364675;,
   0.111043;0.052678;1.363056;,
   0.101839;0.040166;1.378051;,
   0.117327;0.041120;1.376436;,
   0.085991;0.037217;1.379874;,
   0.105660;0.022377;1.386049;,
   0.122092;0.022378;1.383338;,
   0.087974;0.020474;1.386642;,
   0.071593;0.018817;1.388517;,
   0.070602;0.050310;1.370875;,
   0.070398;0.037200;1.381309;,
   0.060927;0.016071;1.392043;,
   0.051151;0.032719;1.386557;,
   0.050871;0.057374;1.376711;,
   0.034636;0.063317;1.378727;,
   0.051585;0.068734;1.362998;,
   0.033862;0.073852;1.366195;,
   0.016887;0.081091;1.361494;,
   0.015463;0.071210;1.372389;,
   -0.000506;0.077379;1.370824;,
   0.018853;0.095094;1.350719;,
   -0.000533;0.088009;1.362473;,
   -0.017753;0.085304;1.364083;,
   -0.000310;0.100087;1.351771;,
   -0.019570;0.099114;1.353019;,
   -0.030451;0.092998;1.357325;,
   -0.035452;0.097443;1.353420;,
   -0.021415;0.112453;1.341778;,
   -0.041152;0.110217;1.342564;,
   -0.043709;0.124503;1.333987;,
   -0.000002;0.112580;1.339276;,
   -0.022106;0.123656;1.332630;,
   -0.046126;0.138346;1.327892;,
   0.000001;0.123282;1.331465;,
   0.000005;0.135839;1.323499;,
   -0.022925;0.136147;1.325692;,
   -0.049243;0.149768;1.320661;,
   -0.023518;0.146403;1.318396;,
   -0.052097;0.161548;1.310906;,
   0.000003;0.144193;1.317644;,
   -0.023332;0.157391;1.308817;,
   -0.053811;0.167930;1.297360;,
   0.000002;0.151578;1.308145;,
   -0.023293;0.162731;1.293748;,
   -0.053226;0.169051;1.282242;,
   0.000005;0.159229;1.292968;,
   -0.023349;0.165306;1.277232;,
   -0.048630;0.164932;1.262238;,
   0.000004;0.161192;1.277028;,
   -0.023527;0.159209;1.257136;,
   -0.044243;0.158092;1.246025;,
   -0.042316;0.153794;1.238112;,
   0.000004;0.156632;1.258823;,
   -0.021362;0.150834;1.236071;,
   -0.039817;0.150504;1.226128;,
   -0.037536;0.151440;1.214081;,
   0.018949;0.147556;1.236588;,
   0.000003;0.149189;1.237025;,
   -0.020187;0.154695;1.210702;,
   -0.030683;0.158991;1.186275;,
   -0.019345;0.160989;1.185617;,
   -0.000001;0.156323;1.210113;,
   -0.000001;0.161536;1.184732;,
   0.020779;0.153523;1.210025;,
   0.025056;0.156938;1.184876;,
   0.047089;0.152267;1.186766;,
   0.042791;0.144578;1.213783;,
   0.056729;0.135929;1.222199;,
   0.064999;0.146385;1.189295;,
   0.080609;0.134459;1.192246;,
   0.093517;0.116202;1.197836;,
   0.100490;0.088603;1.202476;,
   0.088150;0.083255;1.228951;,
   0.093574;0.062507;1.205924;,
   0.085101;0.052650;1.232301;,
   0.079095;0.036119;1.210481;,
   0.087107;0.047587;1.242283;,
   0.081259;0.022799;1.241924;,
   0.063111;0.017637;1.215363;,
   0.066567;0.005727;1.242608;,
   0.039557;-0.000118;1.219116;,
   0.071957;-0.004963;1.262702;,
   0.042668;-0.008671;1.243849;,
   0.019129;-0.008966;1.221726;,
   0.051879;-0.024579;1.286214;,
   0.046968;-0.016574;1.265284;,
   0.020271;-0.013705;1.243230;,
   -0.000002;-0.012504;1.223299;,
   0.021752;-0.020342;1.265129;,
   -0.000001;-0.023497;1.265661;,
   0.020886;-0.027963;1.284474;,
   -0.000006;-0.018480;1.242742;,
   -0.020271;-0.013705;1.243230;,
   -0.019189;-0.008966;1.221726;,
   0.019373;-0.034257;1.309028;,
   -0.000001;-0.035662;1.332201;,
   -0.000001;-0.032421;1.306826;,
   -0.000001;-0.028764;1.283759;,
   -0.020886;-0.027963;1.284474;,
   -0.019373;-0.034257;1.309028;,
   -0.051002;-0.029636;1.310388;,
   -0.018156;-0.037498;1.333578;,
   -0.021752;-0.020342;1.265129;,
   -0.042668;-0.008671;1.243849;,
   -0.039617;-0.000118;1.219116;,
   -0.018156;-0.034927;1.361229;,
   -0.051879;-0.024579;1.286214;,
   -0.075200;-0.019159;1.287992;,
   -0.046968;-0.016574;1.265284;,
   -0.071957;-0.004963;1.262702;,
   -0.066567;0.005727;1.242608;,
   -0.063111;0.017637;1.215363;,
   -0.052794;-0.032021;1.333609;,
   -0.056141;-0.031537;1.361020;,
   -0.085215;0.012281;1.261066;,
   -0.081259;0.022799;1.241924;,
   -0.079095;0.036119;1.210481;,
   -0.060298;-0.021218;1.377451;,
   -0.077418;-0.028065;1.355968;,
   -0.074419;-0.029068;1.332367;,
   -0.074268;-0.026348;1.310272;,
   -0.094022;-0.015970;1.308098;,
   -0.085101;0.052650;1.232301;,
   -0.093574;0.062507;1.205924;,
   -0.069928;-0.003143;1.390145;,
   -0.054653;-0.003498;1.395198;,
   -0.071593;0.018817;1.388517;,
   -0.060927;0.016071;1.392043;,
   -0.087974;0.020474;1.385520;,
   -0.087758;-0.000791;1.384668;,
   -0.104165;0.022377;1.382176;,
   -0.088150;0.083255;1.228951;,
   -0.100490;0.088603;1.202476;,
   -0.082088;0.108241;1.227200;,
   -0.093517;0.116202;1.197836;,
   -0.080609;0.134459;1.192246;,
   -0.089431;0.075292;1.242875;,
   -0.084035;-0.017435;1.372640;,
   -0.104469;0.001048;1.378342;,
   -0.119579;0.022102;1.376818;,
   -0.119030;0.001117;1.373133;,
   -0.100846;-0.015329;1.367191;,
   -0.111908;-0.016740;1.361354;,
   -0.096350;-0.022563;1.349570;,
   -0.106075;-0.022039;1.344575;,
   -0.099790;-0.018222;1.325641;,
   -0.094841;-0.023429;1.327656;,
   -0.101695;-0.002114;1.301895;,
   -0.090024;-0.007004;1.289677;,
   -0.093661;0.011772;1.288749;,
   -0.100998;0.021319;1.298318;,
   -0.087260;0.003193;1.274361;,
   -0.099453;0.031216;1.290668;,
   -0.097835;0.035404;1.304603;,
   -0.091355;0.023479;1.273588;,
   -0.089086;0.036967;1.258581;,
   -0.094671;0.045753;1.275232;,
   -0.096217;0.047301;1.299688;,
   -0.087107;0.047587;1.242283;,
   -0.092282;0.066031;1.260011;,
   -0.089937;0.102738;1.252795;,
   -0.096763;0.059318;1.305110;,
   -0.095823;0.060775;1.287203;,
   -0.097808;0.080463;1.278613;,
   -0.094991;0.090213;1.264713;,
   -0.096590;0.074237;1.296427;,
   -0.097515;0.047568;1.310915;,
   -0.101669;0.045313;1.308206;,
   -0.103019;0.052845;1.310770;,
   -0.099319;0.091683;1.278444;,
   -0.094689;0.071513;1.314072;,
   -0.093589;0.056519;1.322459;,
   -0.101110;0.057939;1.325964;,
   -0.091481;0.058784;1.334093;,
   -0.104682;0.060520;1.343689;,
   -0.089151;0.072870;1.326143;,
   -0.096353;0.089170;1.306600;,
   -0.096613;0.100167;1.265685;,
   -0.100414;0.090013;1.290511;,
   -0.098011;0.114115;1.282794;,
   -0.097610;0.120201;1.271635;,
   -0.098413;0.110603;1.295714;,
   -0.091123;0.112115;1.310397;,
   -0.089515;0.092659;1.318873;,
   -0.078934;0.096444;1.328821;,
   -0.080130;0.072670;1.339906;,
   -0.092381;0.111831;1.256071;,
   -0.092233;0.126292;1.261282;,
   -0.078456;0.115681;1.243843;,
   -0.079352;0.124630;1.247149;,
   -0.070331;0.126655;1.225248;,
   -0.064999;0.146385;1.189295;,
   -0.065508;0.129176;1.239401;,
   -0.051976;0.138957;1.237052;,
   -0.066631;0.133990;1.243587;,
   -0.056729;0.137042;1.222199;,
   -0.042791;0.147311;1.213783;,
   -0.051442;0.150837;1.187381;,
   -0.039801;0.146357;1.225346;,
   -0.042377;0.147759;1.238443;,
   -0.043973;0.151280;1.247398;,
   -0.055126;0.143761;1.243078;,
   -0.049446;0.161893;1.263298;,
   -0.081600;0.135741;1.253855;,
   -0.069108;0.146702;1.252224;,
   -0.084455;0.148894;1.265313;,
   -0.058726;0.154135;1.252697;,
   -0.060240;0.161642;1.263852;,
   -0.091258;0.138043;1.267807;,
   -0.092508;0.137818;1.277541;,
   -0.073082;0.156467;1.264006;,
   -0.062972;0.166463;1.283521;,
   -0.054112;0.165853;1.282125;,
   -0.054656;0.164827;1.296538;,
   -0.094066;0.133302;1.289372;,
   -0.086849;0.151558;1.282141;,
   -0.074571;0.161265;1.283204;,
   -0.062208;0.165508;1.297089;,
   -0.093169;0.129090;1.300181;,
   -0.086504;0.150656;1.293969;,
   -0.060769;0.161554;1.310092;,
   -0.053100;0.158836;1.309275;,
   -0.049730;0.147747;1.318072;,
   -0.074859;0.160673;1.296150;,
   -0.073240;0.155396;1.308656;,
   -0.086159;0.145087;1.304774;,
   -0.058783;0.147714;1.320463;,
   -0.083167;0.138001;1.312538;,
   -0.070566;0.144638;1.318944;,
   -0.056528;0.135847;1.326628;,
   -0.046564;0.136692;1.325046;,
   -0.044274;0.123120;1.331006;,
   -0.068539;0.131848;1.324292;,
