xof 0303txt 0032
template ColorRGBA {
 <35ff44e0-6c7c-11cf-8f52-0040333594a3>
 FLOAT red;
 FLOAT green;
 FLOAT blue;
 FLOAT alpha;
}

template ColorRGB {
 <d3e16e81-7835-11cf-8f52-0040333594a3>
 FLOAT red;
 FLOAT green;
 FLOAT blue;
}

template Material {
 <3d82ab4d-62da-11cf-ab39-0020af71e433>
 ColorRGBA faceColor;
 FLOAT power;
 ColorRGB specularColor;
 ColorRGB emissiveColor;
 [...]
}

template TextureFilename {
 <a42790e1-7810-11cf-8f52-0040333594a3>
 STRING filename;
}

template Frame {
 <3d82ab46-62da-11cf-ab39-0020af71e433>
 [...]
}

template Matrix4x4 {
 <f6f23f45-7686-11cf-8f52-0040333594a3>
 array FLOAT matrix[16];
}

template FrameTransformMatrix {
 <f6f23f41-7686-11cf-8f52-0040333594a3>
 Matrix4x4 frameMatrix;
}

template Vector {
 <3d82ab5e-62da-11cf-ab39-0020af71e433>
 FLOAT x;
 FLOAT y;
 FLOAT z;
}

template MeshFace {
 <3d82ab5f-62da-11cf-ab39-0020af71e433>
 DWORD nFaceVertexIndices;
 array DWORD faceVertexIndices[nFaceVertexIndices];
}

template Mesh {
 <3d82ab44-62da-11cf-ab39-0020af71e433>
 DWORD nVertices;
 array Vector vertices[nVertices];
 DWORD nFaces;
 array MeshFace faces[nFaces];
 [...]
}

template MeshNormals {
 <f6f23f43-7686-11cf-8f52-0040333594a3>
 DWORD nNormals;
 array Vector normals[nNormals];
 DWORD nFaceNormals;
 array MeshFace faceNormals[nFaceNormals];
}

template MeshMaterialList {
 <f6f23f42-7686-11cf-8f52-0040333594a3>
 DWORD nMaterials;
 DWORD nFaceIndexes;
 array DWORD faceIndexes[nFaceIndexes];
 [Material <3d82ab4d-62da-11cf-ab39-0020af71e433>]
}

template Coords2d {
 <f6f23f44-7686-11cf-8f52-0040333594a3>
 FLOAT u;
 FLOAT v;
}

template MeshTextureCoords {
 <f6f23f40-7686-11cf-8f52-0040333594a3>
 DWORD nTextureCoords;
 array Coords2d textureCoords[nTextureCoords];
}

template XSkinMeshHeader {
 <3cf169ce-ff7c-44ab-93c0-f78f62d172e2>
 WORD nMaxSkinWeightsPerVertex;
 WORD nMaxSkinWeightsPerFace;
 WORD nBones;
}

template SkinWeights {
 <6f0d123b-bad2-4167-a0d0-80224f25fabb>
 STRING transformNodeName;
 DWORD nWeights;
 array DWORD vertexIndices[nWeights];
 array FLOAT weights[nWeights];
 Matrix4x4 matrixOffset;
}

template AnimTicksPerSecond {
 <9e415a43-7ba6-4a73-8743-b73d47e88476>
 DWORD AnimTicksPerSecond;
}

template Animation {
 <3d82ab4f-62da-11cf-ab39-0020af71e433>
 [...]
}

template AnimationSet {
 <3d82ab50-62da-11cf-ab39-0020af71e433>
 [Animation <3d82ab4f-62da-11cf-ab39-0020af71e433>]
}

template FloatKeys {
 <10dd46a9-775b-11cf-8f52-0040333594a3>
 DWORD nValues;
 array FLOAT values[nValues];
}

template TimedFloatKeys {
 <f406b180-7b3b-11cf-8f52-0040333594a3>
 DWORD time;
 FloatKeys tfkeys;
}

template AnimationKey {
 <10dd46a8-775b-11cf-8f52-0040333594a3>
 DWORD keyType;
 DWORD nKeys;
 array TimedFloatKeys keys[nKeys];
}


Material Monster_DG_030_Material_Body {
 1.000000;1.000000;1.000000;1.000000;;
 0.000000;
 0.000000;0.000000;0.000000;;
 0.000000;0.000000;0.000000;;

 TextureFilename {
  "Monster_DG_030_Body_Color.png";
 }
}

Material Monster_DG_030_Material_Face {
 1.000000;1.000000;1.000000;1.000000;;
 0.000000;
 0.000000;0.000000;0.000000;;
 0.000000;0.000000;0.000000;;

 TextureFilename {
  "Monster_DG_030_Face_Color.png";
 }
}

Material Monster_DG_030_Material_Hair {
 1.000000;1.000000;1.000000;1.000000;;
 0.000000;
 0.000000;0.000000;0.000000;;
 0.000000;0.000000;0.000000;;

 TextureFilename {
  "Monster_DG_030_Hair_Color.png";
 }
}

Frame DG_030 {
 

 FrameTransformMatrix {
  0.393701,0.000000,0.000000,0.000000,0.000000,-0.000000,-0.393701,0.000000,0.000000,0.393701,-0.000000,0.000000,0.000000,0.000000,0.000000,1.000000;;
 }

 Frame Bip001 {
  

  FrameTransformMatrix {
   -0.323947,0.897242,0.300025,0.000000,0.101886,-0.282195,0.953931,0.000000,0.940573,0.339592,0.000000,0.000000,-0.009941,0.083882,1.105224,1.000000;;
  }

  Frame Bip001_Pelvis {
   

   FrameTransformMatrix {
    0.077553,0.963507,0.256202,0.000000,-0.041197,-0.253659,0.966416,0.000000,0.996137,-0.085504,0.020021,0.000000,0.000000,0.000000,0.000000,1.000000;;
   }

   Frame Bip001_Spine {
    

    FrameTransformMatrix {
     0.986908,-0.085461,-0.136780,0.000000,0.092197,0.994782,0.043687,0.000000,0.132333,-0.055726,0.989638,0.000000,0.062743,-0.017165,0.025673,1.000000;;
    }

    Frame Bip001_L_Thigh {
     

     FrameTransformMatrix {
      -0.785510,0.466493,-0.406643,0.000000,-0.484992,-0.872195,-0.063708,0.000000,-0.384391,0.147175,0.911363,0.000000,-0.066762,0.090316,-0.039156,1.000000;;
     }

     Frame Bip001_L_Calf {
      

      FrameTransformMatrix {
       0.991625,0.000000,-0.129149,0.000000,0.000000,1.000000,0.000000,0.000000,0.129149,-0.000000,0.991625,0.000000,0.458607,-0.000000,0.000000,1.000000;;
      }

      Frame Bip001_L_Foot {
       

       FrameTransformMatrix {
        0.926303,0.333131,0.176029,0.000000,-0.357790,0.924166,0.133805,0.000000,-0.118105,-0.186925,0.975249,0.000000,0.547056,0.000000,0.000000,1.000000;;
       }

       Frame Bip001_L_Toe0 {
        

        FrameTransformMatrix {
         -0.000001,0.000000,1.000000,0.000000,-0.000000,1.000000,-0.000000,0.000000,-1.000000,-0.000000,-0.000001,0.000000,0.137128,0.000000,0.130982,1.000000;;
        }
       }
      }
     }
    }

    Frame Bip001_R_Thigh {
     

     FrameTransformMatrix {
      -0.908515,-0.075774,-0.410923,0.000000,0.227716,-0.914339,-0.334857,0.000000,-0.350350,-0.397797,0.847946,0.000000,-0.052991,-0.069977,-0.030177,1.000000;;
     }

     Frame Bip001_R_Calf {
      

      FrameTransformMatrix {
       0.986898,-0.000000,-0.161343,0.000000,0.000000,1.000000,-0.000000,0.000000,0.161343,-0.000000,0.986898,0.000000,0.458608,0.000000,0.000000,1.000000;;
      }

      Frame Bip001_R_Foot {
       

       FrameTransformMatrix {
        0.964907,-0.234663,0.117850,0.000000,0.216542,0.964927,0.148409,0.000000,-0.148542,-0.117682,0.981879,0.000000,0.547056,0.000000,-0.000000,1.000000;;
       }

       Frame Bip001_R_Toe0 {
        

        FrameTransformMatrix {
         -0.000000,0.000184,1.000000,0.000000,0.000001,1.000000,-0.000184,0.000000,-1.000000,0.000001,-0.000000,0.000000,0.137128,0.000000,0.130982,1.000000;;
        }
       }
      }
     }
    }

    Frame Bip001_Spine1 {
     

     FrameTransformMatrix {
      0.995790,-0.074179,0.053847,0.000000,0.073681,0.997219,0.011188,0.000000,-0.054527,-0.007173,0.998487,0.000000,0.077520,0.000001,-0.000072,1.000000;;
     }

     Frame Bip001_Spine2 {
      

      FrameTransformMatrix {
       0.955022,-0.110981,0.274983,0.000000,0.110010,0.993749,0.019001,0.000000,-0.275373,0.012104,0.961261,0.000000,0.091034,-0.000002,-0.000157,1.000000;;
      }

      Frame Bip001_Neck {
       

       FrameTransformMatrix {
        0.897251,0.000001,0.441521,0.000000,-0.000001,1.000000,-0.000000,0.000000,-0.441521,-0.000000,0.897251,0.000000,0.219457,-0.000000,-0.056370,1.000000;;
       }

       Frame Bip001_Head {
        

        FrameTransformMatrix {
         0.975144,0.031920,-0.219262,0.000000,-0.098665,0.948599,-0.300706,0.000000,0.198393,0.314865,0.928170,0.000000,0.075510,-0.000000,-0.000000,1.000000;;
        }

        Frame Bone01 {
         

         FrameTransformMatrix {
          -0.769292,-0.388613,-0.507120,0.000000,0.037159,-0.819613,0.571711,0.000000,-0.637816,0.420968,0.644962,0.000000,-0.009884,-0.047881,-0.080116,1.000000;;
         }

         Frame Bone02 {
          

          FrameTransformMatrix {
           0.876853,-0.002962,-0.480749,0.000000,0.002570,0.999996,-0.001472,0.000000,0.480751,0.000055,0.876857,0.000000,0.140977,-0.000000,-0.000000,1.000000;;
          }

          Frame Bone03 {
           

           FrameTransformMatrix {
            0.988115,0.000447,0.153714,0.000000,-0.000454,1.000000,0.000017,0.000000,-0.153714,-0.000086,0.988115,0.000000,0.143031,-0.000000,-0.000001,1.000000;;
           }

           Frame Bone04 {
            

            FrameTransformMatrix {
             0.824512,0.003796,0.565831,0.000000,-0.003207,0.999993,-0.002035,0.000000,-0.565835,-0.000137,0.824518,0.000000,0.180420,-0.000000,0.000004,1.000000;;
            }
           }
          }
         }
        }

        Frame Bone06 {
         

         FrameTransformMatrix {
          -0.416512,-0.032553,-0.908548,0.000000,0.000656,-0.999369,0.035506,0.000000,-0.909130,0.014193,0.416270,0.000000,0.045288,-0.002559,-0.108822,1.000000;;
         }

         Frame Bone07 {
          

          FrameTransformMatrix {
           0.929156,-0.043243,-0.367151,0.000000,0.041714,0.999056,-0.012103,0.000000,0.367328,-0.004070,0.930083,0.000000,0.142052,0.000000,0.000000,1.000000;;
          }
         }
        }

        Frame Bone09 {
         

         FrameTransformMatrix {
          -0.627911,-0.771183,-0.104904,0.000000,0.255949,-0.331904,0.907926,0.000000,-0.734995,0.543246,0.405789,0.000000,0.006032,-0.106867,-0.025973,1.000000;;
         }

         Frame Bone10 {
          

          FrameTransformMatrix {
           0.873078,0.108055,-0.475457,0.000000,-0.098534,0.994116,0.044993,0.000000,0.477521,0.007566,0.878588,0.000000,0.154465,-0.000000,-0.000000,1.000000;;
          }

          Frame Bone11 {
           

           FrameTransformMatrix {
            0.601529,-0.228207,0.765562,0.000000,0.182244,0.972259,0.146626,0.000000,-0.777785,0.051320,0.626431,0.000000,0.147944,0.000000,-0.000001,1.000000;;
           }
          }
         }
        }

        Frame Bone13 {
         

         FrameTransformMatrix {
          -0.769291,0.388611,-0.507122,0.000000,0.037160,0.819616,0.571706,0.000000,0.637817,0.420964,-0.644964,0.000000,-0.009884,0.052119,-0.080116,1.000000;;
         }

         Frame Bone14 {
          

          FrameTransformMatrix {
           0.863396,0.003230,0.504516,0.000000,-0.002779,0.999995,-0.001646,0.000000,-0.504518,0.000019,0.863401,0.000000,0.140977,-0.000000,0.000000,1.000000;;
          }

          Frame Bone15 {
           

           FrameTransformMatrix {
            0.992887,-0.006440,-0.118884,0.000000,0.006403,0.999979,-0.000697,0.000000,0.118886,-0.000069,0.992908,0.000000,0.143031,-0.000000,0.000001,1.000000;;
           }

           Frame Bone16 {
            

            FrameTransformMatrix {
             0.853330,-0.036113,-0.520119,0.000000,0.030973,0.999348,-0.018571,0.000000,0.520450,-0.000262,0.853892,0.000000,0.180420,0.000000,-0.000004,1.000000;;
            }
           }
          }
         }
        }

        Frame Bone18 {
         

         FrameTransformMatrix {
          -0.627911,0.771183,-0.104907,0.000000,0.255949,0.331906,0.907926,0.000000,0.734995,0.543245,-0.405791,0.000000,0.006032,0.111105,-0.025973,1.000000;;
         }

         Frame Bone19 {
          

          FrameTransformMatrix {
           0.854697,0.091246,0.511046,0.000000,-0.084272,0.995761,-0.036851,0.000000,-0.512242,-0.011570,0.858763,0.000000,0.154465,-0.000000,0.000000,1.000000;;
          }

          Frame Bone20 {
           

           FrameTransformMatrix {
            0.658184,-0.261003,-0.706167,0.000000,0.201540,0.964832,-0.168762,0.000000,0.725380,-0.031244,0.687639,0.000000,0.147944,0.000000,0.000001,1.000000;;
           }
          }
         }
        }
       }

       Frame Bip001_L_Clavicle {
        

        FrameTransformMatrix {
         -0.076748,0.996332,0.037840,0.000000,0.893609,0.085570,-0.440614,0.000000,-0.442235,-0.000002,-0.896899,0.000000,-0.066238,0.034171,0.022214,1.000000;;
        }

        Frame Bip001_L_UpperArm {
         

         FrameTransformMatrix {
          0.464289,-0.846735,0.259762,0.000000,0.797029,0.527342,0.294374,0.000000,-0.386240,0.070363,0.919711,0.000000,0.101583,0.000000,-0.000000,1.000000;;
         }

         Frame Bip001_L_Forearm {
          

          FrameTransformMatrix {
           0.886056,-0.000000,-0.463578,0.000000,0.000000,1.000000,0.000000,0.000000,0.463579,-0.000000,0.886056,0.000000,0.245346,0.000000,0.000000,1.000000;;
          }

          Frame Bip001_L_Hand {
           

           FrameTransformMatrix {
            0.711599,-0.004789,0.702570,0.000000,-0.694454,0.146904,0.704381,0.000000,-0.106584,-0.989139,0.101212,0.000000,0.236852,0.000000,-0.000000,1.000000;;
           }

           Frame Bip001_L_Finger0 {
            

            FrameTransformMatrix {
             0.846242,-0.288817,0.447727,0.000000,0.526922,0.329196,-0.783571,0.000000,0.078919,0.899008,0.430763,0.000000,0.047535,-0.035282,0.004202,1.000000;;
            }

            Frame Bip001_L_Finger01 {
             

             FrameTransformMatrix {
              0.961026,0.000000,0.276459,0.000000,0.000000,1.000000,-0.000000,0.000000,-0.276459,0.000000,0.961026,0.000000,0.051575,0.000000,0.000000,1.000000;;
             }

             Frame Bip001_L_Finger02 {
              

              FrameTransformMatrix {
               0.953676,0.000000,0.300837,0.000000,-0.000000,1.000000,0.000000,0.000000,-0.300837,0.000000,0.953676,0.000000,0.020559,-0.000000,0.000000,1.000000;;
              }
             }
            }
           }

           Frame Bip001_L_Finger1 {
            

            FrameTransformMatrix {
             0.998248,-0.057758,-0.012866,0.000000,0.057725,0.998328,-0.002921,0.000000,0.013013,0.002173,0.999913,0.000000,0.103650,-0.029135,-0.007584,1.000000;;
            }

            Frame Bip001_L_Finger11 {
             

             FrameTransformMatrix {
              0.128149,0.000000,0.991755,0.000000,0.000000,1.000000,-0.000000,0.000000,-0.991755,0.000000,0.128149,0.000000,0.043061,-0.000000,0.000000,1.000000;;
             }

             Frame Bip001_L_Finger12 {
              

              FrameTransformMatrix {
               0.480873,0.000000,0.876790,0.000000,-0.000000,1.000000,0.000000,0.000000,-0.876790,0.000000,0.480873,0.000000,0.023980,0.000000,-0.000000,1.000000;;
              }
             }
            }
           }

           Frame Bip001_L_Finger2 {
            

            FrameTransformMatrix {
             0.997366,-0.024970,-0.068105,0.000000,0.025082,0.999685,0.000796,0.000000,0.068064,-0.002502,0.997678,0.000000,0.103307,-0.005739,-0.008384,1.000000;;
            }

            Frame Bip001_L_Finger21 {
             

             FrameTransformMatrix {
              0.023115,-0.000000,0.999733,0.000000,0.000000,1.000000,0.000000,0.000000,-0.999733,-0.000000,0.023115,0.000000,0.048510,0.000000,0.000000,1.000000;;
             }

             Frame Bip001_L_Finger22 {
              

              FrameTransformMatrix {
               0.429889,0.000000,0.902882,0.000000,0.000000,1.000000,-0.000000,0.000000,-0.902882,0.000000,0.429889,0.000000,0.027299,0.000000,0.000000,1.000000;;
              }
             }
            }
           }

           Frame Bip001_L_Finger3 {
            

            FrameTransformMatrix {
             0.998297,0.013847,-0.056664,0.000000,-0.011762,0.999247,0.036961,0.000000,0.057133,-0.036232,0.997709,0.000000,0.100987,0.016447,-0.002274,1.000000;;
            }

            Frame Bip001_L_Finger31 {
             

             FrameTransformMatrix {
              -0.175620,0.000000,0.984458,0.000000,0.000000,1.000000,0.000000,0.000000,-0.984458,0.000000,-0.175620,0.000000,0.046793,0.000000,-0.000000,1.000000;;
             }

             Frame Bip001_L_Finger32 {
              

              FrameTransformMatrix {
               0.516203,-0.000000,0.856466,0.000000,0.000000,1.000000,0.000000,0.000000,-0.856466,-0.000000,0.516203,0.000000,0.027384,0.000000,0.000000,1.000000;;
              }
             }
            }
           }

           Frame Bip001_L_Finger4 {
            

            FrameTransformMatrix {
             0.992709,0.099467,-0.068075,0.000000,-0.097629,0.994776,0.029823,0.000000,0.070685,-0.022960,0.997234,0.000000,0.089457,0.029632,0.013161,1.000000;;
            }

            Frame Bip001_L_Finger41 {
             

             FrameTransformMatrix {
              0.202268,0.000000,0.979330,0.000000,-0.000000,1.000000,-0.000000,0.000000,-0.979330,0.000000,0.202268,0.000000,0.036735,0.000000,0.000000,1.000000;;
             }

             Frame Bip001_L_Finger42 {
              

              FrameTransformMatrix {
               0.419281,0.000000,0.907857,0.000000,0.000000,1.000000,0.000000,0.000000,-0.907857,0.000000,0.419281,0.000000,0.018677,-0.000000,0.000000,1.000000;;
              }
             }
            }
           }
          }
         }
        }
       }

       Frame Bip001_R_Clavicle {
        

        FrameTransformMatrix {
         -0.076749,-0.996332,0.037845,0.000000,-0.893609,0.085572,0.440614,0.000000,-0.442236,-0.000002,-0.896899,0.000000,-0.066238,-0.034171,0.022214,1.000000;;
        }

        Frame Bip001_R_UpperArm {
         

         FrameTransformMatrix {
          0.421199,0.832918,0.358942,0.000000,-0.849804,0.500711,-0.164691,0.000000,-0.316900,-0.235662,0.918715,0.000000,0.101583,0.000000,0.000000,1.000000;;
         }

         Frame Bip001_R_Forearm {
          

          FrameTransformMatrix {
           0.650896,0.000000,-0.759167,0.000000,-0.000000,1.000000,0.000000,0.000000,0.759167,0.000000,0.650896,0.000000,0.245346,-0.000000,0.000000,1.000000;;
          }

          Frame Bip001_R_Hand {
           

           FrameTransformMatrix {
            0.598550,-0.033150,0.800399,0.000000,0.786809,0.212118,-0.579602,0.000000,-0.150565,0.976682,0.153046,0.000000,0.236852,0.000000,-0.000000,1.000000;;
           }

           Frame Bip001_R_Finger0 {
            

            FrameTransformMatrix {
             0.846242,0.288817,0.447727,0.000000,-0.526922,0.329195,0.783571,0.000000,0.078919,-0.899008,0.430763,0.000000,0.047535,0.035282,0.004202,1.000000;;
            }

            Frame Bip001_R_Finger01 {
             

             FrameTransformMatrix {
              0.961026,0.000000,0.276459,0.000000,-0.000000,1.000000,0.000000,0.000000,-0.276459,-0.000000,0.961026,0.000000,0.051575,0.000000,0.000000,1.000000;;
             }

             Frame Bip001_R_Finger02 {
              

              FrameTransformMatrix {
               0.953676,-0.000000,0.300837,0.000000,0.000000,1.000000,0.000000,0.000000,-0.300837,-0.000000,0.953676,0.000000,0.020559,0.000000,-0.000000,1.000000;;
              }
             }
            }
           }

           Frame Bip001_R_Finger1 {
            

            FrameTransformMatrix {
             0.998248,0.057759,-0.012866,0.000000,-0.057726,0.998328,0.002921,0.000000,0.013013,-0.002173,0.999913,0.000000,0.103650,0.029135,-0.007584,1.000000;;
            }

            Frame Bip001_R_Finger11 {
             

             FrameTransformMatrix {
              0.128150,-0.000000,0.991755,0.000000,-0.000000,1.000000,-0.000000,0.000000,-0.991755,-0.000000,0.128150,0.000000,0.043061,0.000000,0.000000,1.000000;;
             }

             Frame Bip001_R_Finger12 {
              

              FrameTransformMatrix {
               0.480871,-0.000000,0.876791,0.000000,0.000000,1.000000,0.000000,0.000000,-0.876791,-0.000000,0.480872,0.000000,0.023980,0.000000,-0.000000,1.000000;;
              }
             }
            }
           }

           Frame Bip001_R_Finger2 {
            

            FrameTransformMatrix {
             0.997366,0.024970,-0.068105,0.000000,-0.025082,0.999685,-0.000796,0.000000,0.068064,0.002502,0.997678,0.000000,0.103307,0.005739,-0.008384,1.000000;;
            }

            Frame Bip001_R_Finger21 {
             

             FrameTransformMatrix {
              0.023115,0.000000,0.999733,0.000000,-0.000000,1.000000,0.000000,0.000000,-0.999733,-0.000000,0.023115,0.000000,0.048510,-0.000000,0.000000,1.000000;;
             }

             Frame Bip001_R_Finger22 {
              

              FrameTransformMatrix {
               0.429889,0.000000,0.902882,0.000000,-0.000000,1.000000,-0.000000,0.000000,-0.902882,-0.000000,0.429889,0.000000,0.027299,0.000000,-0.000000,1.000000;;
              }
             }
            }
           }

           Frame Bip001_R_Finger3 {
            

            FrameTransformMatrix {
             0.998297,-0.013845,-0.056664,0.000000,0.011761,0.999247,-0.036962,0.000000,0.057133,0.036233,0.997709,0.000000,0.100987,-0.016448,-0.002274,1.000000;;
            }

            Frame Bip001_R_Finger31 {
             

             FrameTransformMatrix {
              -0.175620,-0.000000,0.984458,0.000000,-0.000000,1.000000,-0.000000,0.000000,-0.984458,-0.000000,-0.175620,0.000000,0.046793,0.000000,0.000000,1.000000;;
             }

             Frame Bip001_R_Finger32 {
              

              FrameTransformMatrix {
               0.516203,-0.000000,0.856466,0.000000,0.000000,1.000000,-0.000000,0.000000,-0.856466,0.000000,0.516203,0.000000,0.027384,0.000000,0.000000,1.000000;;
              }
             }
            }
           }

           Frame Bip001_R_Finger4 {
            

            FrameTransformMatrix {
             0.992709,-0.099467,-0.068075,0.000000,0.097629,0.994776,-0.029824,0.000000,0.070686,0.022961,0.997234,0.000000,0.089457,-0.029632,0.013161,1.000000;;
            }

            Frame Bip001_R_Finger41 {
             

             FrameTransformMatrix {
              0.202268,0.000000,0.979330,0.000000,0.000000,1.000000,0.000000,0.000000,-0.979330,0.000000,0.202268,0.000000,0.036735,0.000000,0.000000,1.000000;;
             }

             Frame Bip001_R_Finger42 {
              

              FrameTransformMatrix {
               0.419281,0.000000,0.907857,0.000000,-0.000000,1.000000,-0.000000,0.000000,-0.907857,-0.000000,0.419281,0.000000,0.018677,0.000000,-0.000000,1.000000;;
              }
             }
            }
           }
          }
         }
        }
       }
      }

      Frame Bone22 {
       

       FrameTransformMatrix {
        -0.974640,-0.000001,-0.223781,0.000000,0.000001,-1.000000,0.000001,0.000000,-0.223781,0.000001,0.974640,0.000000,0.157917,0.000000,-0.118571,1.000000;;
       }

       Frame Bone23 {
        

        FrameTransformMatrix {
         0.736146,-0.179111,-0.652694,0.000000,0.139426,0.983796,-0.112719,0.000000,0.662307,-0.008025,0.749190,0.000000,0.249685,-0.000000,0.000000,1.000000;;
        }

        Frame Bone24 {
         

         FrameTransformMatrix {
          0.999962,0.000492,-0.008679,0.000000,-0.000493,1.000000,-0.000140,0.000000,0.008679,0.000144,0.999962,0.000000,0.317707,0.000000,0.000000,1.000000;;
         }

         Frame Bone25 {
          

          FrameTransformMatrix {
           0.999859,0.016319,0.003816,0.000000,-0.016320,0.999867,0.000115,0.000000,-0.003814,-0.000177,0.999993,0.000000,0.315547,0.000000,-0.000000,1.000000;;
          }

          Frame Bone26 {
           

           FrameTransformMatrix {
            0.998231,0.052454,0.027992,0.000000,-0.052456,0.998623,-0.000674,0.000000,-0.027989,-0.000796,0.999608,0.000000,0.313573,0.000000,0.000000,1.000000;;
           }

           Frame Bone27 {
            

            FrameTransformMatrix {
             0.993117,0.104405,0.053089,0.000000,-0.104372,0.994533,-0.003412,0.000000,-0.053155,-0.002152,0.998584,0.000000,0.311892,0.000000,0.000002,1.000000;;
            }

            Frame Bone28 {
             

             FrameTransformMatrix {
              0.930543,0.345763,0.120572,0.000000,-0.345710,0.938083,-0.022032,0.000000,-0.120725,-0.021181,0.992460,0.000000,0.316239,0.000000,-0.000000,1.000000;;
             }
            }
           }
          }
         }
        }
       }
      }

      Frame Bone30 {
       

       FrameTransformMatrix {
        -0.082319,-0.231230,0.969410,0.000000,0.026063,-0.972878,-0.229844,0.000000,0.996265,0.006345,0.086113,0.000000,0.047022,-0.055772,0.002420,1.000000;;
       }

       Frame Bone31 {
        

        FrameTransformMatrix {
         0.981940,-0.000000,0.189191,0.000000,0.000000,1.000000,0.000001,0.000000,-0.189191,-0.000000,0.981940,0.000000,0.078907,-0.000000,0.000000,1.000000;;
        }
       }
      }

      Frame Bone32 {
       

       FrameTransformMatrix {
        -0.075053,0.234784,0.969146,0.000000,0.026362,0.972014,-0.233438,0.000000,-0.996831,0.008029,-0.079142,0.000000,0.047022,0.055570,0.002420,1.000000;;
       }

       Frame Bone33 {
        

        FrameTransformMatrix {
         0.981941,0.000000,-0.189189,0.000000,-0.000000,1.000000,-0.000001,0.000000,0.189189,0.000001,0.981941,0.000000,0.078907,-0.000000,0.000000,1.000000;;
        }
       }
      }
     }
    }
   }
  }
 }

 Frame Body {
  

  FrameTransformMatrix {
   1.000000,0.000000,0.000000,0.000000,0.000000,-0.000000,1.000000,0.000000,0.000000,-1.000000,-0.000000,0.000000,0.000000,0.005820,1.312209,1.000000;;
  }

  Mesh Body {
   3010;
   -0.490123;-0.144769;0.039459;,
   -0.494846;-0.147476;0.013878;,
   -0.500146;-0.125670;0.022210;,
   -0.490008;-0.144767;-0.041154;,
   -0.500173;-0.125470;-0.023411;,
   -0.495085;-0.147284;-0.015254;,
   0.500146;-0.125670;0.022210;,
   0.494846;-0.147476;0.013878;,
   0.490124;-0.144769;0.039459;,
   0.495085;-0.147284;-0.015254;,
   0.500173;-0.125470;-0.023412;,
   0.490008;-0.144767;-0.041155;,
   -0.289793;-0.026373;0.000000;,
   -0.298430;-0.050577;-0.000000;,
   -0.293448;-0.012381;-0.040740;,
   -0.303655;-0.037400;-0.051920;,
   -0.303230;0.018552;-0.067566;,
   -0.327332;-0.055471;-0.000000;,
   -0.333405;-0.045092;-0.039994;,
   -0.309616;-0.021419;-0.063645;,
   -0.392661;-0.098349;-0.031024;,
   -0.390451;-0.104095;-0.000000;,
   -0.342266;-0.033715;-0.052338;,
   -0.432332;-0.131732;-0.030675;,
   -0.431256;-0.135145;-0.000000;,
   -0.440306;-0.141425;-0.033836;,
   -0.433011;-0.150875;-0.000000;,
   -0.447897;-0.160193;-0.000000;,
   -0.452369;-0.149851;-0.034603;,
   -0.400735;-0.088555;-0.036761;,
   -0.436341;-0.129443;-0.034870;,
   -0.441468;-0.139244;-0.044045;,
   -0.453416;-0.147242;-0.044815;,
   -0.437881;-0.128422;-0.042155;,
   -0.452190;-0.120340;-0.050893;,
   -0.462015;-0.130079;-0.054185;,
   -0.402742;-0.087458;-0.044373;,
   -0.343719;-0.031865;-0.061611;,
   -0.460788;-0.106871;-0.041987;,
   -0.469406;-0.113931;-0.042661;,
   -0.414601;-0.075995;-0.046755;,
   -0.312334;-0.015832;-0.076992;,
   -0.309481;0.015466;-0.082354;,
   -0.334354;0.015343;-0.095684;,
   -0.360763;-0.016315;-0.071348;,
   -0.274094;0.043085;-0.110021;,
   -0.269698;0.036964;-0.087456;,
   -0.272556;0.070219;-0.106871;,
   -0.311053;0.047939;-0.089284;,
   -0.308287;0.067254;-0.102571;,
   -0.297225;0.087492;-0.093795;,
   -0.322649;0.107530;-0.074669;,
   -0.298485;0.133242;-0.078412;,
   -0.330789;0.153369;-0.049143;,
   -0.338588;0.089525;-0.087068;,
   -0.356678;0.041338;-0.078746;,
   -0.350962;0.128578;-0.045400;,
   -0.367484;0.133207;-0.000000;,
   -0.350220;0.160193;-0.000000;,
   -0.330789;0.153369;0.049143;,
   -0.343400;0.071824;-0.076434;,
   -0.375603;0.111897;-0.046411;,
   -0.364203;0.087886;-0.064431;,
   -0.382941;-0.000489;-0.058800;,
   -0.389480;0.064373;-0.068844;,
   -0.425743;-0.064510;-0.041957;,
   -0.407211;0.014647;-0.054456;,
   -0.403070;0.073179;-0.038075;,
   -0.378683;0.096418;-0.036310;,
   -0.440768;-0.048264;-0.042846;,
   -0.395232;0.120021;-0.000000;,
   -0.397464;0.104308;-0.000000;,
   -0.416362;0.017821;-0.028807;,
   -0.471565;-0.084351;-0.040392;,
   -0.481899;-0.091877;-0.039858;,
   -0.444268;-0.044988;-0.022018;,
   -0.469502;-0.080148;-0.018247;,
   -0.472608;-0.071914;-0.000000;,
   -0.479919;-0.088118;-0.018414;,
   -0.480846;-0.078000;-0.000000;,
   -0.479919;-0.088118;0.018414;,
   -0.425416;0.079175;-0.000000;,
   -0.451567;-0.039409;-0.000000;,
   -0.469502;-0.080148;0.018247;,
   -0.481899;-0.091877;0.039858;,
   -0.444268;-0.044988;0.022018;,
   -0.471565;-0.084351;0.040392;,
   -0.470365;-0.112077;0.042661;,
   -0.430404;0.023337;-0.000000;,
   -0.416362;0.017821;0.028807;,
   -0.403070;0.073179;0.038075;,
   -0.461747;-0.105017;0.041987;,
   -0.462015;-0.130079;0.054185;,
   -0.440768;-0.048264;0.042846;,
   -0.407211;0.014647;0.054456;,
   -0.378683;0.096417;0.036310;,
   -0.375603;0.111897;0.046411;,
   -0.364203;0.087886;0.064431;,
   -0.350962;0.128578;0.045400;,
   -0.338588;0.089525;0.087068;,
   -0.322649;0.107530;0.074669;,
   -0.298485;0.133242;0.078413;,
   -0.297225;0.087492;0.093795;,
   -0.308287;0.067254;0.102571;,
   -0.272556;0.070219;0.106871;,
   -0.274094;0.043085;0.110021;,
   -0.269698;0.036964;0.087457;,
   -0.303230;0.018552;0.067567;,
   -0.311053;0.047939;0.089284;,
   -0.343400;0.071824;0.076434;,
   -0.356678;0.041338;0.078746;,
   -0.309481;0.015466;0.082354;,
   -0.389480;0.064373;0.068844;,
   -0.382941;-0.000489;0.058800;,
   -0.334354;0.015343;0.095684;,
   -0.425743;-0.064510;0.041957;,
   -0.360763;-0.016315;0.071348;,
   -0.414601;-0.075995;0.046755;,
   -0.343719;-0.031865;0.061611;,
   -0.312334;-0.015832;0.076992;,
   -0.452190;-0.120340;0.050893;,
   -0.453416;-0.147242;0.044815;,
   -0.309616;-0.021419;0.063644;,
   -0.402742;-0.087458;0.044373;,
   -0.441468;-0.139244;0.044045;,
   -0.452369;-0.149851;0.034603;,
   -0.440306;-0.141425;0.033835;,
   -0.447897;-0.160193;-0.000000;,
   -0.433011;-0.150875;-0.000000;,
   -0.431256;-0.135145;-0.000000;,
   -0.437881;-0.128422;0.042155;,
   -0.342266;-0.033715;0.052338;,
   -0.432332;-0.131732;0.030675;,
   -0.390451;-0.104095;-0.000000;,
   -0.436341;-0.129443;0.034870;,
   -0.400735;-0.088555;0.036761;,
   -0.392661;-0.098349;0.031024;,
   -0.327332;-0.055471;-0.000000;,
   -0.333405;-0.045092;0.039994;,
   -0.303655;-0.037400;0.051920;,
   -0.298430;-0.050577;-0.000000;,
   -0.293448;-0.012381;0.040740;,
   -0.289793;-0.026373;0.000000;,
   -0.455821;-0.157400;0.000532;,
   -0.452369;-0.149851;-0.034603;,
   -0.447897;-0.160193;-0.000000;,
   -0.460421;-0.148824;-0.025502;,
   -0.453416;-0.147242;-0.044815;,
   -0.462015;-0.130079;-0.054185;,
   -0.464968;-0.135808;-0.027967;,
   -0.469406;-0.113931;-0.042661;,
   -0.471805;-0.118450;-0.023780;,
   -0.481899;-0.091877;-0.039858;,
   -0.475877;-0.094542;-0.017729;,
   -0.479919;-0.088118;-0.018414;,
   -0.480846;-0.078000;-0.000000;,
   -0.477270;-0.084696;0.000033;,
   -0.475877;-0.094542;0.017795;,
   -0.479919;-0.088118;0.018414;,
   -0.481899;-0.091877;0.039858;,
   -0.471805;-0.118450;0.023780;,
   -0.470365;-0.112077;0.042661;,
   -0.464968;-0.135808;0.027967;,
   -0.462015;-0.130079;0.054185;,
   -0.460421;-0.148824;0.025502;,
   -0.453416;-0.147242;0.044815;,
   -0.452369;-0.149851;0.034603;,
   -0.455821;-0.157400;-0.000532;,
   -0.447897;-0.160193;-0.000000;,
   -0.464968;-0.135808;0.027967;,
   -0.470753;-0.145154;0.027633;,
   -0.460421;-0.148824;0.025502;,
   -0.494846;-0.147476;0.013878;,
   -0.500146;-0.125670;0.022210;,
   -0.471805;-0.118450;0.023780;,
   -0.505863;-0.104823;0.017861;,
   -0.475877;-0.094542;0.017795;,
   -0.522533;-0.112710;0.008695;,
   -0.523575;-0.129334;0.009712;,
   -0.510599;-0.089400;0.000066;,
   -0.477270;-0.084696;0.000033;,
   -0.522533;-0.112710;-0.008564;,
   -0.523365;-0.129708;-0.009653;,
   -0.518544;-0.093477;0.000066;,
   -0.505863;-0.104823;-0.017729;,
   -0.475877;-0.094542;-0.017729;,
   -0.500173;-0.125470;-0.023411;,
   -0.471805;-0.118450;-0.023780;,
   -0.495085;-0.147284;-0.015254;,
   -0.464968;-0.135808;-0.027967;,
   -0.470948;-0.145062;-0.029934;,
   -0.460421;-0.148824;-0.025502;,
   0.050759;-1.060504;0.032302;,
   0.038692;-1.056396;0.009540;,
   0.031744;-1.102539;0.004492;,
   0.051339;-0.974330;0.043055;,
   0.046428;-0.973779;0.022169;,
   0.065412;-1.055198;0.039108;,
   0.039806;-0.878102;0.033253;,
   0.070915;-0.974990;0.056531;,
   0.081115;-1.060544;0.032361;,
   0.044070;-0.879133;0.063109;,
   0.028565;-0.793259;0.040197;,
   0.095657;-0.975407;0.043214;,
   0.077177;-0.880383;0.082516;,
   0.038281;-0.793537;0.078011;,
   0.038617;-0.696753;0.064591;,
   0.030057;-0.698266;0.033592;,
   0.008903;-0.649637;0.024183;,
   0.078313;-0.790991;0.097594;,
   0.098212;-1.056485;0.010428;,
   0.095889;-1.103005;0.004905;,
   0.082487;-1.050888;-0.018623;,
   0.109512;-0.881120;0.063741;,
   0.104865;-0.974087;0.021112;,
   0.038530;-0.643534;0.065622;,
   0.017945;-0.614232;0.013901;,
   0.033724;-0.612746;0.045208;,
   0.004158;-0.582009;0.003038;,
   0.075332;-0.697766;0.085815;,
   0.060785;-0.640483;0.095279;,
   0.058331;-0.610543;0.057913;,
   0.121923;-0.787141;0.075730;,
   0.087815;-0.639163;0.096327;,
   0.032164;-0.582661;0.040320;,
   0.031136;-0.548899;0.033890;,
   0.012494;-0.548823;-0.008190;,
   0.016190;-0.513348;-0.015040;,
   0.057648;-0.583532;0.051935;,
   0.084496;-0.607649;0.058805;,
   0.028595;-0.522776;0.029604;,
   0.017821;-0.394238;-0.037080;,
   0.112728;-0.636227;0.062930;,
   0.116055;-0.697751;0.065077;,
   0.107685;-0.605128;0.044693;,
   0.134295;-0.627913;0.023469;,
   0.126185;-0.697763;0.033642;,
   0.131163;-0.786568;0.039466;,
   0.119542;-0.880635;0.031613;,
   0.099837;-0.878898;-0.003571;,
   0.106000;-0.789435;-0.003771;,
   0.089658;-0.972514;-0.008427;,
   0.100645;-0.646821;-0.011782;,
   0.115745;-0.604287;0.017506;,
   0.101983;-0.702357;-0.007412;,
   0.071690;-0.877771;-0.020939;,
   0.068944;-0.792579;-0.024021;,
   0.047494;-0.878965;-0.001935;,
   0.070222;-0.972270;-0.026219;,
   0.066896;-0.703981;-0.029538;,
   0.065333;-0.649445;-0.039178;,
   0.097870;-0.606519;-0.021094;,
   0.041247;-0.793757;-0.002467;,
   0.114411;-0.584666;0.012652;,
   0.103899;-0.583837;0.040460;,
   0.082271;-0.583201;0.052833;,
   0.057710;-0.548987;0.046452;,
   0.087829;-0.549464;0.044926;,
   0.058587;-0.525938;0.041444;,
   0.088148;-0.526273;0.041272;,
   0.111604;-0.550253;0.033808;,
   0.059464;-0.496756;0.057179;,
   0.110835;-0.522370;0.030964;,
   0.026435;-0.390898;0.012145;,
   0.088466;-0.496948;0.055943;,
   0.059997;-0.388407;0.057665;,
   0.056289;-0.323759;0.075997;,
   0.022273;-0.338720;0.003359;,
   0.014944;-0.341165;-0.044601;,
   0.012067;-0.288092;-0.052122;,
   0.107620;-0.384143;0.057046;,
   0.018112;-0.291230;-0.005426;,
   0.017617;-0.267573;-0.013816;,
   0.012586;-0.261077;-0.055999;,
   0.052522;-0.281883;0.046871;,
   0.052627;-0.258025;0.029591;,
   0.019442;-0.245047;-0.016912;,
   0.016411;-0.241690;-0.059281;,
   0.017745;-0.235268;-0.060368;,
   0.111684;-0.282612;0.047064;,
   0.116511;-0.321480;0.077754;,
   0.145847;-0.243394;-0.002858;,
   0.139988;-0.382684;0.014512;,
   0.107967;-0.254135;0.029396;,
   0.179937;-0.292413;0.001504;,
   0.167316;-0.228792;-0.056688;,
   0.124280;-0.510695;-0.006441;,
   0.194007;-0.285097;-0.044875;,
   0.128729;-0.551427;0.003012;,
   0.097736;-0.584384;-0.031020;,
   0.150951;-0.385241;-0.035481;,
   0.103104;-0.550687;-0.042782;,
   0.064417;-0.610280;-0.056273;,
   0.105614;-0.499574;-0.057142;,
   0.065251;-0.583516;-0.067139;,
   0.034499;-0.648877;-0.011162;,
   0.039496;-0.700265;-0.005375;,
   0.028565;-0.793259;0.040197;,
   0.030057;-0.698266;0.033592;,
   0.008903;-0.649637;0.024183;,
   0.039806;-0.878102;0.033253;,
   0.046428;-0.973779;0.022169;,
   0.017945;-0.614232;0.013901;,
   0.050186;-0.973036;-0.011804;,
   0.038692;-1.056396;0.009540;,
   0.031921;-0.613207;-0.025076;,
   0.030102;-0.583148;-0.034556;,
   0.004158;-0.582009;0.003038;,
   0.032525;-0.549562;-0.044905;,
   0.012494;-0.548823;-0.008190;,
   0.064287;-1.049433;-0.035100;,
   0.044538;-1.050649;-0.020933;,
   0.061232;-1.096773;-0.050226;,
   0.039453;-1.099096;-0.029047;,
   0.031744;-1.102539;0.004492;,
   0.030160;-1.128178;-0.015470;,
   0.037795;-1.121572;-0.037476;,
   0.026936;-1.177175;-0.053715;,
   0.055643;-1.180885;-0.073360;,
   0.081645;-1.100401;-0.029144;,
   0.058303;-1.120624;-0.055928;,
   0.080041;-1.127100;-0.038844;,
   0.087782;-1.133357;-0.018418;,
   0.082415;-1.176420;-0.054781;,
   0.045804;-1.065236;0.033641;,
   0.063561;-1.103294;0.042420;,
   0.064487;-1.044581;0.060668;,
   0.042338;-1.102382;0.029338;,
   0.061907;-1.116467;0.044548;,
   0.031744;-1.102539;0.004492;,
   0.038302;-1.115018;0.030654;,
   0.044985;-1.143663;0.044773;,
   0.059385;-1.144444;0.057289;,
   0.023511;-1.117953;0.004504;,
   0.030160;-1.128178;-0.015470;,
   0.033512;-1.148426;0.022688;,
   0.025161;-1.155613;-0.002232;,
   0.026936;-1.177175;-0.053715;,
   0.019075;-1.194706;-0.009900;,
   0.025566;-1.231017;-0.085588;,
   0.055643;-1.180885;-0.073360;,
   0.024355;-1.188701;0.030884;,
   0.034458;-1.190926;0.076186;,
   0.055266;-1.193737;0.096274;,
   0.055476;-1.235911;0.053606;,
   0.035792;-1.229859;0.045889;,
   0.027295;-1.213867;0.040348;,
   0.025336;-1.208239;0.013925;,
   0.020227;-1.221654;-0.011058;,
   0.017279;-1.266863;-0.031813;,
   0.054578;-1.224277;-0.093733;,
   0.082415;-1.176420;-0.054781;,
   0.012184;-1.245665;-0.058213;,
   0.055353;-1.245577;-0.113959;,
   0.088235;-1.229694;-0.085852;,
   0.024316;-1.252858;-0.109320;,
   0.015700;-1.289160;-0.096205;,
   0.013895;-1.275873;-0.096732;,
   0.027796;-1.278645;-0.134428;,
   0.012586;-1.303472;-0.096689;,
   0.011529;-1.283340;-0.028816;,
   0.011559;-1.303203;-0.002373;,
   0.026930;-1.289179;-0.131224;,
   0.026707;-1.303470;-0.138281;,
   0.054238;-1.286864;-0.154041;,
   0.054164;-1.297296;-0.175137;,
   0.086479;-1.303470;-0.138624;,
   0.030417;-1.262219;-0.129329;,
   0.055424;-1.264495;-0.150479;,
   0.054306;-1.279418;-0.157124;,
   0.086620;-1.289171;-0.131500;,
   0.083173;-1.262215;-0.128537;,
   0.087411;-1.252669;-0.109157;,
   0.086274;-1.278562;-0.134268;,
   0.103402;-1.289244;-0.095792;,
   0.106045;-1.303475;-0.095858;,
   0.106049;-1.275654;-0.097195;,
   0.110251;-1.245895;-0.057567;,
   0.104072;-1.266944;-0.031644;,
   0.109354;-1.283385;-0.028666;,
   0.108773;-1.303206;-0.002253;,
   0.099044;-1.194513;-0.010655;,
   0.102758;-1.221708;-0.010733;,
   0.095582;-1.208262;0.014395;,
   0.092023;-1.156501;-0.003495;,
   0.087782;-1.133357;-0.018418;,
   0.094607;-1.188884;0.030959;,
   0.089871;-1.214339;0.040543;,
   0.097485;-1.126299;0.004366;,
   0.084881;-1.120966;0.030610;,
   0.095889;-1.103005;0.004905;,
   0.085382;-1.148991;0.022470;,
   0.078906;-1.190979;0.076383;,
   0.076740;-1.230047;0.046200;,
   0.075947;-1.144539;0.044842;,
   0.055266;-1.193737;0.096274;,
   0.055476;-1.235911;0.053606;,
   0.059385;-1.144444;0.057289;,
   0.061907;-1.116467;0.044548;,
   0.063561;-1.103294;0.042420;,
   0.083869;-1.102963;0.029647;,
   0.084390;-1.065282;0.033713;,
   0.064487;-1.044581;0.060668;,
   0.064487;-1.044581;0.060668;,
   0.081115;-1.060544;0.032361;,
   0.065412;-1.055198;0.039108;,
   0.084390;-1.065282;0.033713;,
   0.095889;-1.103005;0.004905;,
   0.021347;-0.010824;-0.011931;,
   0.023924;0.009535;-0.008578;,
   0.017745;-0.021315;0.003131;,
   0.014069;0.017757;0.006019;,
   0.015544;0.042862;0.012696;,
   0.009757;-0.021153;0.007111;,
   0.013499;-0.051931;-0.008770;,
   0.009122;-0.061224;0.011256;,
   0.000000;-0.022320;0.011286;,
   0.000000;-0.063088;0.014144;,
   0.026790;0.019035;-0.017977;,
   0.033947;0.037187;-0.014124;,
   0.041283;0.030560;-0.020084;,
   0.041280;0.011776;-0.023579;,
   0.065625;0.029783;-0.029542;,
   0.060251;0.002172;-0.034036;,
   0.046643;0.063710;-0.005689;,
   0.080624;0.000907;-0.052627;,
   0.087107;-0.017532;-0.051118;,
   0.099642;-0.037145;-0.073515;,
   0.089548;0.000091;-0.078947;,
   0.087463;0.030182;-0.050024;,
   0.100459;-0.045489;-0.102890;,
   0.107095;-0.064391;-0.101791;,
   0.077036;-0.056622;-0.137125;,
   0.096206;-0.102264;-0.132158;,
   0.088001;-0.000514;-0.109781;,
   0.098007;0.031217;-0.077411;,
   0.095104;0.066652;-0.035294;,
   0.106040;0.069415;-0.070288;,
   0.096111;0.031496;-0.111616;,
   0.069173;-0.004513;-0.147031;,
   0.072161;0.064762;-0.014464;,
   0.058351;-0.117218;-0.139849;,
   0.071060;-0.157930;-0.129697;,
   0.106255;-0.131874;-0.124936;,
   0.076161;-0.176324;-0.125443;,
   0.112591;-0.147512;-0.116535;,
   0.043185;-0.194977;-0.123878;,
   0.035981;-0.212633;-0.105603;,
   0.049639;-0.166569;-0.138348;,
   0.033579;-0.121525;-0.153355;,
   0.038065;-0.068105;-0.158878;,
   0.015788;-0.229103;-0.092676;,
