xof 0303txt 0032
template ColorRGBA {
 <35ff44e0-6c7c-11cf-8f52-0040333594a3>
 FLOAT red;
 FLOAT green;
 FLOAT blue;
 FLOAT alpha;
}

template ColorRGB {
 <d3e16e81-7835-11cf-8f52-0040333594a3>
 FLOAT red;
 FLOAT green;
 FLOAT blue;
}

template Material {
 <3d82ab4d-62da-11cf-ab39-0020af71e433>
 ColorRGBA faceColor;
 FLOAT power;
 ColorRGB specularColor;
 ColorRGB emissiveColor;
 [...]
}

template TextureFilename {
 <a42790e1-7810-11cf-8f52-0040333594a3>
 STRING filename;
}

template Frame {
 <3d82ab46-62da-11cf-ab39-0020af71e433>
 [...]
}

template Matrix4x4 {
 <f6f23f45-7686-11cf-8f52-0040333594a3>
 array FLOAT matrix[16];
}

template FrameTransformMatrix {
 <f6f23f41-7686-11cf-8f52-0040333594a3>
 Matrix4x4 frameMatrix;
}

template Vector {
 <3d82ab5e-62da-11cf-ab39-0020af71e433>
 FLOAT x;
 FLOAT y;
 FLOAT z;
}

template MeshFace {
 <3d82ab5f-62da-11cf-ab39-0020af71e433>
 DWORD nFaceVertexIndices;
 array DWORD faceVertexIndices[nFaceVertexIndices];
}

template Mesh {
 <3d82ab44-62da-11cf-ab39-0020af71e433>
 DWORD nVertices;
 array Vector vertices[nVertices];
 DWORD nFaces;
 array MeshFace faces[nFaces];
 [...]
}

template MeshMaterialList {
 <f6f23f42-7686-11cf-8f52-0040333594a3>
 DWORD nMaterials;
 DWORD nFaceIndexes;
 array DWORD faceIndexes[nFaceIndexes];
 [Material <3d82ab4d-62da-11cf-ab39-0020af71e433>]
}

template VertexElement {
 <f752461c-1e23-48f6-b9f8-8350850f336f>
 DWORD Type;
 DWORD Method;
 DWORD Usage;
 DWORD UsageIndex;
}

template DeclData {
 <bf22e553-292c-4781-9fea-62bd554bdd93>
 DWORD nElements;
 array VertexElement Elements[nElements];
 DWORD nDWords;
 array DWORD data[nDWords];
}

template XSkinMeshHeader {
 <3cf169ce-ff7c-44ab-93c0-f78f62d172e2>
 WORD nMaxSkinWeightsPerVertex;
 WORD nMaxSkinWeightsPerFace;
 WORD nBones;
}

template SkinWeights {
 <6f0d123b-bad2-4167-a0d0-80224f25fabb>
 STRING transformNodeName;
 DWORD nWeights;
 array DWORD vertexIndices[nWeights];
 array FLOAT weights[nWeights];
 Matrix4x4 matrixOffset;
}

template AnimTicksPerSecond {
 <9e415a43-7ba6-4a73-8743-b73d47e88476>
 DWORD AnimTicksPerSecond;
}

template Animation {
 <3d82ab4f-62da-11cf-ab39-0020af71e433>
 [...]
}

template AnimationSet {
 <3d82ab50-62da-11cf-ab39-0020af71e433>
 [Animation <3d82ab4f-62da-11cf-ab39-0020af71e433>]
}

template FloatKeys {
 <10dd46a9-775b-11cf-8f52-0040333594a3>
 DWORD nValues;
 array FLOAT values[nValues];
}

template TimedFloatKeys {
 <f406b180-7b3b-11cf-8f52-0040333594a3>
 DWORD time;
 FloatKeys tfkeys;
}

template AnimationKey {
 <10dd46a8-775b-11cf-8f52-0040333594a3>
 DWORD keyType;
 DWORD nKeys;
 array TimedFloatKeys keys[nKeys];
}


Material Monster_DG_030_Material_Body {
 1.000000;1.000000;1.000000;1.000000;;
 0.000000;
 0.000000;0.000000;0.000000;;
 0.000000;0.000000;0.000000;;

 TextureFilename {
  "Monster_DG_030_Body_Color.png";
 }
}

Material Monster_DG_030_Material_Face {
 1.000000;1.000000;1.000000;1.000000;;
 0.000000;
 0.000000;0.000000;0.000000;;
 0.000000;0.000000;0.000000;;

 TextureFilename {
  "Monster_DG_030_Face_Color.png";
 }
}

Material Monster_DG_030_Material_Hair {
 1.000000;1.000000;1.000000;1.000000;;
 0.000000;
 0.000000;0.000000;0.000000;;
 0.000000;0.000000;0.000000;;

 TextureFilename {
  "Monster_DG_030_Hair_Color.png";
 }
}

Frame DG_030 {
 

 FrameTransformMatrix {
  0.393701,0.000000,0.000000,0.000000,0.000000,-0.000000,-0.393701,0.000000,0.000000,0.393701,-0.000000,0.000000,0.000000,0.000000,0.000000,1.000000;;
 }

 Frame Bip001 {
  

  FrameTransformMatrix {
   -0.323947,0.897242,0.300025,0.000000,0.101886,-0.282195,0.953931,0.000000,0.940573,0.339592,0.000000,0.000000,-0.000000,-0.000000,1.105224,1.000000;;
  }

  Frame Bip001_Pelvis {
   

   FrameTransformMatrix {
    0.077553,0.963507,0.256202,0.000000,-0.041197,-0.253659,0.966416,0.000000,0.996137,-0.085504,0.020021,0.000000,0.000000,0.000000,0.000000,1.000000;;
   }

   Frame Bip001_Spine {
    

    FrameTransformMatrix {
     0.986908,-0.085461,-0.136780,0.000000,0.092197,0.994782,0.043687,0.000000,0.132333,-0.055726,0.989638,0.000000,0.062743,-0.017165,0.025673,1.000000;;
    }

    Frame Bip001_L_Thigh {
     

     FrameTransformMatrix {
      -0.785510,0.466493,-0.406643,0.000000,-0.484992,-0.872195,-0.063708,0.000000,-0.384391,0.147175,0.911363,0.000000,-0.066762,0.090316,-0.039156,1.000000;;
     }

     Frame Bip001_L_Calf {
      

      FrameTransformMatrix {
       0.991625,0.000000,-0.129149,0.000000,0.000000,1.000000,0.000000,0.000000,0.129149,-0.000000,0.991625,0.000000,0.458607,-0.000000,0.000000,1.000000;;
      }

      Frame Bip001_L_Foot {
       

       FrameTransformMatrix {
        0.926303,0.333131,0.176029,0.000000,-0.357790,0.924166,0.133805,0.000000,-0.118105,-0.186925,0.975249,0.000000,0.547056,0.000000,0.000000,1.000000;;
       }

       Frame Bip001_L_Toe0 {
        

        FrameTransformMatrix {
         -0.000001,0.000000,1.000000,0.000000,-0.000000,1.000000,-0.000000,0.000000,-1.000000,-0.000000,-0.000001,0.000000,0.137128,0.000000,0.130982,1.000000;;
        }
       }
      }
     }
    }

    Frame Bip001_R_Thigh {
     

     FrameTransformMatrix {
      -0.908515,-0.075774,-0.410923,0.000000,0.227716,-0.914339,-0.334857,0.000000,-0.350350,-0.397797,0.847946,0.000000,-0.052991,-0.069977,-0.030177,1.000000;;
     }

     Frame Bip001_R_Calf {
      

      FrameTransformMatrix {
       0.986898,-0.000000,-0.161343,0.000000,0.000000,1.000000,-0.000000,0.000000,0.161343,-0.000000,0.986898,0.000000,0.458608,0.000000,0.000000,1.000000;;
      }

      Frame Bip001_R_Foot {
       

       FrameTransformMatrix {
        0.964907,-0.234663,0.117850,0.000000,0.216542,0.964927,0.148409,0.000000,-0.148542,-0.117682,0.981879,0.000000,0.547056,0.000000,-0.000000,1.000000;;
       }

       Frame Bip001_R_Toe0 {
        

        FrameTransformMatrix {
         -0.000000,0.000184,1.000000,0.000000,0.000001,1.000000,-0.000184,0.000000,-1.000000,0.000001,-0.000000,0.000000,0.137128,0.000000,0.130982,1.000000;;
        }
       }
      }
     }
    }

    Frame Bip001_Spine1 {
     

     FrameTransformMatrix {
      0.995790,-0.074179,0.053847,0.000000,0.073681,0.997219,0.011188,0.000000,-0.054527,-0.007173,0.998487,0.000000,0.077520,0.000001,-0.000072,1.000000;;
     }

     Frame Bip001_Spine2 {
      

      FrameTransformMatrix {
       0.955022,-0.110981,0.274983,0.000000,0.110010,0.993749,0.019001,0.000000,-0.275373,0.012104,0.961261,0.000000,0.091034,-0.000002,-0.000157,1.000000;;
      }

      Frame Bip001_Neck {
       

       FrameTransformMatrix {
        0.897251,0.000001,0.441521,0.000000,-0.000001,1.000000,-0.000000,0.000000,-0.441521,-0.000000,0.897251,0.000000,0.219457,-0.000000,-0.056370,1.000000;;
       }

       Frame Bip001_Head {
        

        FrameTransformMatrix {
         0.975144,0.031920,-0.219262,0.000000,-0.098665,0.948599,-0.300706,0.000000,0.198393,0.314865,0.928170,0.000000,0.075510,-0.000000,-0.000000,1.000000;;
        }

        Frame Bone01 {
         

         FrameTransformMatrix {
          -0.769292,-0.388613,-0.507120,0.000000,0.037159,-0.819613,0.571711,0.000000,-0.637816,0.420968,0.644962,0.000000,-0.009884,-0.047881,-0.080116,1.000000;;
         }

         Frame Bone02 {
          

          FrameTransformMatrix {
           0.876853,-0.002962,-0.480749,0.000000,0.002570,0.999996,-0.001472,0.000000,0.480751,0.000055,0.876857,0.000000,0.140977,-0.000000,-0.000000,1.000000;;
          }

          Frame Bone03 {
           

           FrameTransformMatrix {
            0.988115,0.000447,0.153714,0.000000,-0.000454,1.000000,0.000017,0.000000,-0.153714,-0.000086,0.988115,0.000000,0.143031,-0.000000,-0.000001,1.000000;;
           }

           Frame Bone04 {
            

            FrameTransformMatrix {
             0.824512,0.003796,0.565831,0.000000,-0.003207,0.999993,-0.002035,0.000000,-0.565835,-0.000137,0.824518,0.000000,0.180420,0.000000,0.000004,1.000000;;
            }
           }
          }
         }
        }

        Frame Bone06 {
         

         FrameTransformMatrix {
          -0.416512,-0.032553,-0.908548,0.000000,0.000656,-0.999369,0.035506,0.000000,-0.909130,0.014193,0.416270,0.000000,0.045288,-0.002559,-0.108822,1.000000;;
         }

         Frame Bone07 {
          

          FrameTransformMatrix {
           0.929156,-0.043243,-0.367151,0.000000,0.041714,0.999056,-0.012103,0.000000,0.367328,-0.004070,0.930083,0.000000,0.142052,0.000000,0.000000,1.000000;;
          }
         }
        }

        Frame Bone09 {
         

         FrameTransformMatrix {
          -0.627911,-0.771183,-0.104904,0.000000,0.255949,-0.331904,0.907926,0.000000,-0.734995,0.543246,0.405789,0.000000,0.006032,-0.106867,-0.025973,1.000000;;
         }

         Frame Bone10 {
          

          FrameTransformMatrix {
           0.873078,0.108055,-0.475457,0.000000,-0.098534,0.994116,0.044993,0.000000,0.477521,0.007566,0.878588,0.000000,0.154465,-0.000000,-0.000000,1.000000;;
          }

          Frame Bone11 {
           

           FrameTransformMatrix {
            0.601529,-0.228207,0.765562,0.000000,0.182244,0.972259,0.146626,0.000000,-0.777785,0.051320,0.626431,0.000000,0.147944,0.000000,-0.000001,1.000000;;
           }
          }
         }
        }

        Frame Bone13 {
         

         FrameTransformMatrix {
          -0.769291,0.388611,-0.507122,0.000000,0.037160,0.819616,0.571706,0.000000,0.637817,0.420964,-0.644964,0.000000,-0.009884,0.052119,-0.080116,1.000000;;
         }

         Frame Bone14 {
          

          FrameTransformMatrix {
           0.863396,0.003230,0.504516,0.000000,-0.002779,0.999995,-0.001646,0.000000,-0.504518,0.000019,0.863401,0.000000,0.140977,-0.000000,0.000000,1.000000;;
          }

          Frame Bone15 {
           

           FrameTransformMatrix {
            0.992887,-0.006440,-0.118884,0.000000,0.006403,0.999979,-0.000697,0.000000,0.118886,-0.000069,0.992908,0.000000,0.143031,-0.000000,0.000001,1.000000;;
           }

           Frame Bone16 {
            

            FrameTransformMatrix {
             0.853330,-0.036113,-0.520119,0.000000,0.030973,0.999348,-0.018571,0.000000,0.520450,-0.000262,0.853892,0.000000,0.180420,0.000000,-0.000004,1.000000;;
            }
           }
          }
         }
        }

        Frame Bone18 {
         

         FrameTransformMatrix {
          -0.627911,0.771183,-0.104907,0.000000,0.255949,0.331906,0.907926,0.000000,0.734995,0.543245,-0.405791,0.000000,0.006032,0.111105,-0.025973,1.000000;;
         }

         Frame Bone19 {
          

          FrameTransformMatrix {
           0.854697,0.091246,0.511046,0.000000,-0.084272,0.995761,-0.036851,0.000000,-0.512242,-0.011570,0.858763,0.000000,0.154465,-0.000000,0.000000,1.000000;;
          }

          Frame Bone20 {
           

           FrameTransformMatrix {
            0.658184,-0.261003,-0.706167,0.000000,0.201540,0.964832,-0.168762,0.000000,0.725380,-0.031244,0.687639,0.000000,0.147944,0.000000,0.000001,1.000000;;
           }
          }
         }
        }
       }

       Frame Bip001_L_Clavicle {
        

        FrameTransformMatrix {
         -0.076748,0.996332,0.037840,0.000000,0.893609,0.085570,-0.440614,0.000000,-0.442235,-0.000002,-0.896899,0.000000,-0.066238,0.034171,0.022214,1.000000;;
        }

        Frame Bip001_L_UpperArm {
         

         FrameTransformMatrix {
          0.464289,-0.846735,0.259762,0.000000,0.797029,0.527342,0.294374,0.000000,-0.386240,0.070363,0.919711,0.000000,0.101583,0.000000,0.000000,1.000000;;
         }

         Frame Bip001_L_Forearm {
          

          FrameTransformMatrix {
           0.886056,-0.000000,-0.463578,0.000000,0.000000,1.000000,0.000000,0.000000,0.463579,-0.000000,0.886056,0.000000,0.245346,0.000000,0.000000,1.000000;;
          }

          Frame Bip001_L_Hand {
           

           FrameTransformMatrix {
            0.711599,-0.004789,0.702570,0.000000,-0.694454,0.146904,0.704381,0.000000,-0.106584,-0.989139,0.101212,0.000000,0.236852,0.000000,-0.000000,1.000000;;
           }

           Frame Bip001_L_Finger0 {
            

            FrameTransformMatrix {
             0.846242,-0.288817,0.447727,0.000000,0.526922,0.329196,-0.783571,0.000000,0.078919,0.899008,0.430763,0.000000,0.047535,-0.035282,0.004202,1.000000;;
            }

            Frame Bip001_L_Finger01 {
             

             FrameTransformMatrix {
              0.961026,0.000000,0.276459,0.000000,0.000000,1.000000,-0.000000,0.000000,-0.276459,0.000000,0.961026,0.000000,0.051575,0.000000,0.000000,1.000000;;
             }

             Frame Bip001_L_Finger02 {
              

              FrameTransformMatrix {
               0.953676,0.000000,0.300837,0.000000,-0.000000,1.000000,0.000000,0.000000,-0.300837,0.000000,0.953676,0.000000,0.020559,-0.000000,0.000000,1.000000;;
              }
             }
            }
           }

           Frame Bip001_L_Finger1 {
            

            FrameTransformMatrix {
             0.998248,-0.057758,-0.012866,0.000000,0.057725,0.998328,-0.002921,0.000000,0.013013,0.002173,0.999913,0.000000,0.103650,-0.029135,-0.007584,1.000000;;
            }

            Frame Bip001_L_Finger11 {
             

             FrameTransformMatrix {
              0.128149,0.000000,0.991755,0.000000,0.000000,1.000000,-0.000000,0.000000,-0.991755,0.000000,0.128149,0.000000,0.043061,-0.000000,0.000000,1.000000;;
             }

             Frame Bip001_L_Finger12 {
              

              FrameTransformMatrix {
               0.480873,0.000000,0.876790,0.000000,-0.000000,1.000000,0.000000,0.000000,-0.876790,0.000000,0.480873,0.000000,0.023980,0.000000,-0.000000,1.000000;;
              }
             }
            }
           }

           Frame Bip001_L_Finger2 {
            

            FrameTransformMatrix {
             0.997366,-0.024970,-0.068105,0.000000,0.025082,0.999685,0.000796,0.000000,0.068064,-0.002502,0.997678,0.000000,0.103308,-0.005739,-0.008384,1.000000;;
            }

            Frame Bip001_L_Finger21 {
             

             FrameTransformMatrix {
              0.023115,-0.000000,0.999733,0.000000,0.000000,1.000000,0.000000,0.000000,-0.999733,-0.000000,0.023115,0.000000,0.048510,0.000000,0.000000,1.000000;;
             }

             Frame Bip001_L_Finger22 {
              

              FrameTransformMatrix {
               0.429889,0.000000,0.902882,0.000000,0.000000,1.000000,-0.000000,0.000000,-0.902882,0.000000,0.429889,0.000000,0.027299,0.000000,0.000000,1.000000;;
              }
             }
            }
           }

           Frame Bip001_L_Finger3 {
            

            FrameTransformMatrix {
             0.998297,0.013847,-0.056664,0.000000,-0.011762,0.999247,0.036961,0.000000,0.057133,-0.036232,0.997709,0.000000,0.100987,0.016447,-0.002274,1.000000;;
            }

            Frame Bip001_L_Finger31 {
             

             FrameTransformMatrix {
              -0.175620,0.000000,0.984458,0.000000,0.000000,1.000000,0.000000,0.000000,-0.984458,0.000000,-0.175620,0.000000,0.046793,0.000000,-0.000000,1.000000;;
             }

             Frame Bip001_L_Finger32 {
              

              FrameTransformMatrix {
               0.516203,-0.000000,0.856466,0.000000,0.000000,1.000000,0.000000,0.000000,-0.856466,-0.000000,0.516203,0.000000,0.027384,0.000000,0.000000,1.000000;;
              }
             }
            }
           }

           Frame Bip001_L_Finger4 {
            

            FrameTransformMatrix {
             0.992709,0.099467,-0.068075,0.000000,-0.097629,0.994776,0.029823,0.000000,0.070685,-0.022960,0.997234,0.000000,0.089457,0.029632,0.013161,1.000000;;
            }

            Frame Bip001_L_Finger41 {
             

             FrameTransformMatrix {
              0.202268,0.000000,0.979330,0.000000,-0.000000,1.000000,-0.000000,0.000000,-0.979330,0.000000,0.202268,0.000000,0.036735,0.000000,0.000000,1.000000;;
             }

             Frame Bip001_L_Finger42 {
              

              FrameTransformMatrix {
               0.419281,0.000000,0.907857,0.000000,0.000000,1.000000,0.000000,0.000000,-0.907857,0.000000,0.419281,0.000000,0.018677,0.000000,0.000000,1.000000;;
              }
             }
            }
           }

           Frame Sword_L {
            

            FrameTransformMatrix {
             0.078518,-0.051124,0.995601,0.000000,0.051124,-0.997163,-0.055236,0.000000,0.995601,0.055236,-0.075681,0.000000,0.110616,-0.044046,0.001384,1.000000;;
            }

            Mesh Sword_L {
             127;
             -0.229899;1.237074;0.008056;,
             -0.222330;1.215792;-0.002791;,
             -0.232264;1.244285;-0.006312;,
             -0.226235;1.224421;0.026148;,
             -0.219968;1.197935;0.043470;,
             -0.215187;1.192908;0.018204;,
             -0.178803;1.019002;0.013800;,
             -0.175593;1.020969;0.047500;,
             -0.213092;1.166295;0.055203;,
             -0.144324;0.856030;0.020885;,
             -0.207646;1.163196;0.032051;,
             -0.183728;1.019281;0.071855;,
             -0.151016;0.853041;0.083458;,
             -0.141236;0.855626;0.057036;,
             -0.121786;0.701890;0.086512;,
             -0.112205;0.704514;0.057274;,
             -0.113616;0.705195;0.022640;,
             -0.095187;0.563403;0.086628;,
             -0.085561;0.565370;0.056217;,
             -0.086925;0.565394;0.020410;,
             -0.070114;0.431760;0.083646;,
             -0.060655;0.434192;0.052092;,
             -0.062187;0.434683;0.015142;,
             -0.051716;0.333732;0.077441;,
             -0.042177;0.333983;0.040921;,
             -0.044429;0.332613;-0.011818;,
             -0.032811;0.232287;0.069037;,
             -0.038426;0.307281;0.004873;,
             -0.023192;0.231585;0.031006;,
             -0.027668;0.241514;-0.022527;,
             -0.011656;0.125671;0.079059;,
             -0.021978;0.216469;-0.009615;,
             -0.006627;0.144841;0.029677;,
             -0.011564;0.153770;-0.033415;,
             -0.005534;0.127864;-0.017953;,
             0.008332;0.075125;0.036855;,
             0.003960;0.081634;-0.008904;,
             0.029737;-0.044877;0.012874;,
             0.023165;-0.025081;-0.027733;,
             0.047270;-0.160999;-0.056927;,
             0.055892;-0.192455;-0.019081;,
             0.055237;-0.195963;-0.038554;,
             -0.230439;1.214235;-0.002237;,
             -0.225824;1.190866;0.018930;,
             -0.195764;1.015745;0.014957;,
             -0.195028;1.017238;0.048827;,
             -0.166477;0.851776;0.022396;,
             -0.219995;1.160825;0.032894;,
             -0.164432;0.851172;0.058619;,
             -0.135401;0.700060;0.058857;,
             -0.138893;0.700341;0.024365;,
             -0.108757;0.560916;0.057800;,
             -0.112202;0.560541;0.022135;,
             -0.083851;0.429738;0.053675;,
             -0.087464;0.429830;0.016868;,
             -0.065373;0.329529;0.042504;,
             -0.069706;0.327760;-0.010092;,
             -0.063703;0.302428;0.006598;,
             -0.046388;0.227131;0.032590;,
             -0.052945;0.236660;-0.020802;,
             -0.047255;0.211615;-0.007890;,
             -0.029823;0.140387;0.031260;,
             -0.036841;0.148916;-0.031689;,
             -0.030811;0.123011;-0.016228;,
             -0.016945;0.070271;0.038580;,
             -0.021317;0.076781;-0.007179;,
             0.004460;-0.049731;0.014599;,
             -0.002112;-0.029934;-0.026008;,
             0.021993;-0.165852;-0.055202;,
             0.030615;-0.197308;-0.017356;,
             0.029960;-0.200816;-0.036829;,
             -0.069706;0.327760;-0.010092;,
             -0.062187;0.434683;0.015142;,
             -0.044429;0.332613;-0.011818;,
             -0.087464;0.429830;0.016868;,
             -0.086925;0.565394;0.020410;,
             -0.112202;0.560541;0.022135;,
             -0.113616;0.705195;0.022640;,
             -0.138893;0.700341;0.024365;,
             -0.144324;0.856030;0.020885;,
             -0.166477;0.851776;0.022396;,
             -0.178803;1.019002;0.013800;,
             -0.195764;1.015745;0.014957;,
             -0.222330;1.215792;-0.002791;,
             -0.230439;1.214235;-0.002237;,
             -0.232264;1.244285;-0.006312;,
             -0.036841;0.148916;-0.031689;,
             -0.011564;0.153770;-0.033415;,
             -0.030811;0.123011;-0.016228;,
             -0.005534;0.127864;-0.017953;,
             -0.021317;0.076781;-0.007179;,
             0.003960;0.081634;-0.008904;,
             -0.002112;-0.029934;-0.026008;,
             0.023165;-0.025081;-0.027733;,
             0.021993;-0.165852;-0.055202;,
             0.047270;-0.160999;-0.056927;,
             -0.016945;0.070271;0.038580;,
             0.008332;0.075125;0.036855;,
             -0.011656;0.125671;0.079059;,
             0.029737;-0.044877;0.012874;,
             0.004460;-0.049731;0.014599;,
             0.055892;-0.192455;-0.019081;,
             0.030615;-0.197308;-0.017356;,
             -0.036841;0.148916;-0.031689;,
             -0.021978;0.216469;-0.009615;,
             -0.011564;0.153770;-0.033415;,
             -0.047255;0.211615;-0.007890;,
             -0.047255;0.211615;-0.007890;,
             -0.027668;0.241514;-0.022527;,
             -0.021978;0.216469;-0.009615;,
             -0.052945;0.236660;-0.020802;,
             -0.063703;0.302428;0.006598;,
             -0.044429;0.332613;-0.011818;,
             -0.038426;0.307281;0.004873;,
             -0.069706;0.327760;-0.010092;,
             -0.052945;0.236660;-0.020802;,
             -0.038426;0.307281;0.004873;,
             -0.027668;0.241514;-0.022527;,
             -0.063703;0.302428;0.006598;,
             0.030615;-0.197308;-0.017356;,
             0.055237;-0.195963;-0.038554;,
             0.055892;-0.192455;-0.019081;,
             0.029960;-0.200816;-0.036829;,
             0.029960;-0.200816;-0.036829;,
             0.047270;-0.160999;-0.056927;,
             0.055237;-0.195963;-0.038554;,
             0.021993;-0.165852;-0.055202;;
             138;
             3;0,1,2;,
             3;3,1,0;,
             3;4,1,3;,
             3;5,1,4;,
             3;5,6,1;,
             3;6,5,7;,
             3;8,5,4;,
             3;7,9,6;,
             3;10,5,8;,
             3;7,5,10;,
             3;10,8,7;,
             3;7,8,11;,
             3;12,7,11;,
             3;13,7,12;,
             3;13,9,7;,
             3;14,13,12;,
             3;15,9,13;,
             3;15,13,14;,
             3;16,9,15;,
             3;14,17,15;,
             3;15,18,16;,
             3;15,17,18;,
             3;16,18,19;,
             3;17,20,18;,
             3;18,21,19;,
             3;18,20,21;,
             3;19,21,22;,
             3;20,23,21;,
             3;21,24,22;,
             3;21,23,24;,
             3;22,24,25;,
             3;23,26,24;,
             3;24,27,25;,
             3;24,26,28;,
             3;24,28,27;,
             3;27,28,29;,
             3;26,30,28;,
             3;29,28,31;,
             3;28,30,32;,
             3;28,32,31;,
             3;31,32,33;,
             3;33,32,34;,
             3;30,35,32;,
             3;32,35,34;,
             3;34,35,36;,
             3;35,37,36;,
             3;36,37,38;,
             3;37,39,38;,
             3;40,39,37;,
             3;40,41,39;,
             3;2,42,0;,
             3;0,42,3;,
             3;3,42,4;,
             3;4,42,43;,
             3;44,43,42;,
             3;43,44,45;,
             3;4,43,8;,
             3;44,46,45;,
             3;8,43,47;,
             3;43,45,47;,
             3;45,8,47;,
             3;11,8,45;,
             3;11,45,12;,
             3;12,45,48;,
             3;45,46,48;,
             3;12,48,14;,
             3;48,46,49;,
             3;14,48,49;,
             3;49,46,50;,
             3;49,17,14;,
             3;50,51,49;,
             3;51,17,49;,
             3;52,51,50;,
             3;51,20,17;,
             3;52,53,51;,
             3;53,20,51;,
             3;54,53,52;,
             3;53,23,20;,
             3;54,55,53;,
             3;55,23,53;,
             3;56,55,54;,
             3;55,26,23;,
             3;56,57,55;,
             3;58,26,55;,
             3;57,58,55;,
             3;59,58,57;,
             3;58,30,26;,
             3;60,58,59;,
             3;61,30,58;,
             3;60,61,58;,
             3;62,61,60;,
             3;63,61,62;,
             3;61,64,30;,
             3;63,64,61;,
             3;65,64,63;,
             3;65,66,64;,
             3;67,66,65;,
             3;67,68,66;,
             3;66,68,69;,
             3;68,70,69;,
             3;71,72,73;,
             3;74,72,71;,
             3;74,75,72;,
             3;76,75,74;,
             3;76,77,75;,
             3;78,77,76;,
             3;78,79,77;,
             3;80,79,78;,
             3;80,81,79;,
             3;82,81,80;,
             3;82,83,81;,
             3;84,83,82;,
             3;85,83,84;,
             3;86,87,88;,
             3;88,87,89;,
             3;88,89,90;,
             3;90,89,91;,
             3;90,91,92;,
             3;92,91,93;,
             3;92,93,94;,
             3;94,93,95;,
             3;96,97,98;,
             3;96,99,97;,
             3;100,99,96;,
             3;100,101,99;,
             3;102,101,100;,
             3;103,104,105;,
             3;106,104,103;,
             3;107,108,109;,
             3;110,108,107;,
             3;111,112,113;,
             3;114,112,111;,
             3;115,116,117;,
             3;118,116,115;,
             3;119,120,121;,
             3;122,120,119;,
             3;123,124,125;,
             3;126,124,123;;

             MeshMaterialList {
              1;
              138;
              0,
              0,
              0,
              0,
              0,
              0,
              0,
              0,
              0,
              0,
              0,
              0,
              0,
              0,
              0,
              0,
              0,
              0,
              0,
              0,
              0,
              0,
              0,
              0,
              0,
              0,
              0,
              0,
              0,
              0,
              0,
              0,
              0,
              0,
              0,
              0,
              0,
              0,
              0,
              0,
              0,
              0,
              0,
              0,
              0,
              0,
              0,
              0,
              0,
              0,
              0,
              0,
              0,
              0,
              0,
              0,
              0,
              0,
              0,
              0,
              0,
              0,
              0,
              0,
              0,
              0,
              0,
              0,
              0,
              0,
              0,
              0,
              0,
              0,
              0,
              0,
              0,
              0,
              0,
              0,
              0,
              0,
              0,
              0,
              0,
              0,
              0,
              0,
              0,
              0,
              0,
              0,
              0,
              0,
              0,
              0,
              0,
              0,
              0,
              0,
              0,
              0,
              0,
              0,
              0,
              0,
              0,
              0,
              0,
              0,
              0,
              0,
              0,
              0,
              0,
              0,
              0,
              0,
              0,
              0,
              0,
              0,
              0,
              0,
              0,
              0,
              0,
              0,
              0,
              0,
              0,
              0,
              0,
              0,
              0,
              0,
              0,
              0;
              { Monster_DG_030_Material_Body }
             }

             DeclData {
              2;
              2;0;3;0;,
              1;0;5;0;;
              635;
              3187775256,
              1062739313,
              1057314852,
              1064671340,
              1025798816,
              1064590422,
              1050175151,
              1015363634,
              1064797212,
              1028345248,
              3188455139,
              1063275558,
              1055697298,
              1064796766,
              1024547072,
              3183186623,
              1060673891,
              1060097930,
              1064478028,
              1028181056,
              3174120827,
              1057418115,
              1062815556,
              1064348250,
              1031717104,
              1064771147,
              1048941038,
              1010320751,
              1064592055,
              1031805280,
              1064921515,
              1045450021,
              3183921392,
              1064804150,
              1042099824,
              1064862554,
              1046244264,
              1037678813,
              1064513773,
              1042141520,
              1013570008,
              1049181591,
              1064737489,
              1064292440,
              1033665504,
              1064975234,
              1045001960,
              3181154027,
              1064808408,
              1046369476,
              1064830652,
              1047789295,
              1032461965,
              1064513773,
              1033680656,
              1027272883,
              1038845084,
              1065224310,
              1064292440,
              1042163912,
              1030507929,
              1029478183,
              1065300885,
              1064292440,
              1046414980,
              1064848513,
              1045227295,
              1041102528,
              1064513773,
              1046397508,
              1032129409,
              1015379175,
              1065315545,
              1064292440,
              1050242030,
              1064878203,
              1044456892,
              1041347759,
              1064513773,
              1050233886,
              1065025177,
              1044602095,
              3175447037,
              1064803154,
              1050223634,
              1032596218,
              3136540173,
              1065313847,
              1064292440,
              1052504450,
              1064903475,
              1044122408,
              1041090978,
              1064513773,
              1052514294,
              1065042993,
              1044398514,
              3172510595,
              1064803794,
              1052520818,
              1033596977,
              3173561530,
              1065290546,
              1064292440,
              1054511846,
              1064951211,
              1043590223,
              1040412782,
              1064523448,
              1054535470,
              1065047524,
              1044255159,
              3173430970,
              1064808054,
              1054562418,
              1034392971,
              3180676633,
              1065252178,
              1064294598,
              1056069280,
              1065002297,
              1043403972,
              1037797321,
              1064593972,
              1056134114,
              1065025590,
              1044647836,
              3174556657,
              1064968288,
              1056151002,
              1032962644,
              3162809730,
              1065308466,
              1064271326,
              1057310928,
              1065032336,
              1044523263,
              3174311334,
              1064875430,
              1056588998,
              1065003348,
              1044138577,
              1035004122,
              1064581556,
              1057366518,
              1065033117,
              1044517718,
              3174126666,
              1064964760,
              1057322421,
              1027409243,
              1038500901,
              1065228846,
              1064088860,
              1058132462,
              1065026335,
              1044619976,
              3174769079,
              1064888172,
              1057522679,
              1064970634,
              1045286511,
              1032605026,
              1064485756,
              1058051436,
              1065027004,
              1044582745,
              3175155330,
              1064957598,
              1058032028,
              1064995173,
              1045131806,
              3176591835,
              1064848924,
              1058229326,
              1065011132,
              1045266922,
              3155745940,
              1064314532,
              1058592983,
              1065003078,
              1044803319,
              3178948669,
              1064793890,
              1058595136,
              1065015371,
              1044424715,
              3179869050,
              1064314344,
              1059988914,
              1065015371,
              1044424719,
              3179869050,
              1064731660,
              1059847766,
              1065015372,
              1044424708,
              3179869052,
              1064725580,
              1061456082,
              1065015372,
              1044424708,
              3179869055,
              1064316940,
              1061650757,
              1065015371,
              1044424708,
              3179869059,
              1064439636,
              1061655243,
              3212602646,
              3180953303,
              1041777211,
              1064797212,
              1028345248,
              3212552474,
              3186089864,
              1041476435,
              1064592055,
              1031805280,
              3212573539,
              3190868236,
              1024844853,
              1064804150,
              1042099824,
              3212145357,
              3189699836,
              1047769904,
              1064513773,
              1042141520,
              3212536342,
              3191328976,
              1030398052,
              1064808408,
              1046369476,
              3212343871,
              3188282749,
              1045206952,
              1064513773,
              1033680656,
              3211967620,
              3190569506,
              1049231515,
              1064513773,
              1046397508,
              3211915896,
              3191322978,
              1049351115,
              1064513773,
              1050233886,
              3212483375,
              3191726504,
              1034886053,
              1064803154,
              1050223634,
              3211916736,
              3191677512,
              1049226277,
              1064513773,
              1052514294,
              3212456955,
              3191923463,
              1036349558,
              1064803794,
              1052520818,
              3211933830,
              3192259483,
              1048896030,
              1064523448,
              1054535470,
              3212455450,
              3192069128,
              1035891050,
              1064808054,
              1054562418,
              3212010208,
              3192543641,
              1047830437,
              1064593972,
              1056134114,
              3212480677,
              3191679030,
              1035330057,
              1064968288,
              1056151002,
              3212473393,
              3191803176,
              1035452428,
              1064875430,
              1056588998,
              3212124643,
              3191897724,
              1046465376,
              1064581556,
              1057366518,
              3212472089,
              3191808320,
              1035544481,
              1064964760,
              1057322421,
              3212480535,
              3191707333,
              1035224253,
              1064888172,
              1057522679,
              3212239645,
              3190813042,
              1045288326,
              1064485756,
              1058051436,
              3212480882,
              3191745330,
              1035031739,
              1064957598,
              1058032028,
              3212513960,
              3191197325,
              1034314272,
              1064848924,
              1058229326,
              3212446237,
              3191022435,
              1040077152,
              1064314532,
              1058592983,
              3212510260,
              3191529009,
              1033138261,
              1064793890,
              1058595136,
              3212499020,
              3191908359,
              1032385390,
              1064314344,
              1059988914,
              3212499020,
              3191908356,
              1032385393,
              1064731660,
              1059847766,
              3212499020,
              3191908359,
              1032385384,
              1064725580,
              1061456082,
              3212499020,
              3191908353,
              1032385392,
              1064316940,
              1061650757,
              3212499020,
              3191908340,
              1032385405,
              1064439636,
              1061655243,
              3185811330,
              1047614441,
              3212257317,
              1065280870,
              1056140370,
              3183330492,
              1040641755,
              3212617754,
              1065082356,
              1054506586,
              3185811330,
              1047614442,
              3212257317,
              1065082368,
              1056140370,
              3183330493,
              1040641758,
              3212617754,
              1065280854,
              1054506586,
              3180405962,
              1013897796,
              3212792890,
              1065082366,
              1052487518,
              3180405962,
              1013897796,
              3212792890,
              1065280864,
              1052487518,
              3179755254,
              3157332501,
              3212799276,
              1065082398,
              1050209034,
              3179755255,
              3157332474,
              3212799276,
              1065280898,
              1050209034,
              3178722835,
              3173207753,
              3212792853,
              1065094732,
              1046372044,
              3178722837,
              3173207738,
              3212792853,
              1065268674,
              1046379300,
              3176885993,
              3180948476,
              3212765560,
              1065120706,
              1042123848,
              3176885994,
              3180948474,
              3212765561,
              1065253860,
              1042123848,
              3174773585,
              3186285810,
              3212708530,
              1065141972,
              1028501792,
              3174773581,
              3186285815,
              3212708530,
              1065205632,
              1028516256,
              3173590843,
              3188456396,
              3212664913,
              1065173810,
              1024751776,
              1025287085,
              3204541413,
              3210520734,
              1065281160,
              1058088211,
              1025287085,
              3204541413,
              3210520734,
              1065082658,
              1058088211,
              1000021924,
              3199640626,
              3211732903,
              1065281286,
              1058324943,
              1000022183,
              3199640643,
              3211732900,
              1065082786,
              1058324943,
